Net_11863,AP1,2,1,1,1,1,1,1,0,1,1,0
Net_11863,CDK2,2,1,0,1,1,0,1,1,1,1,0
Net_11863,CDK4,2,1,0,1,0,1,1,1,1,1,0
Net_11863,E2F,3,1,0,1,0,0,1,0,1,1,0
Net_11863,ERK1_2,2,1,1,1,1,1,1,0,1,1,0
Net_11863,HIF1,2,1,0,1,1,0,1,1,1,1,0
Net_11863,IKK,3,1,0,1,1,1,1,1,1,1,0
Net_11863,IL6,3,1,0,1,1,1,1,1,1,1,0
Net_11863,IL8,3,1,0,1,1,1,1,1,1,1,0
Net_11863,IRAK,3,1,0,1,1,1,1,1,1,1,0
Net_11863,IkB,4,0,0,1,0,0,1,0,1,1,0
Net_11863,JAK,2,1,0,1,1,0,1,1,1,1,0
Net_11863,JNK,2,1,0,1,1,0,1,1,1,1,0
Net_11863,MDM2,2,1,0,1,1,0,1,1,1,1,0
Net_11863,MEK1_2,2,1,1,1,1,1,1,0,1,1,0
Net_11863,MKK,2,1,1,1,1,1,1,1,1,1,0
Net_11863,NFkB,2,1,0,1,1,0,1,1,1,1,0
Net_11863,Oncogene,2,1,1,1,1,1,1,1,1,1,0
Net_11863,RB,3,1,0,1,0,1,1,1,1,1,0
Net_11863,STAT3,4,1,0,1,1,1,1,0,1,1,0
Net_11863,TAB,2,1,1,1,1,1,1,1,1,1,0
Net_11863,TAK1,2,1,1,1,1,1,1,1,1,1,0
Net_11863,cFos,5,1,0,1,1,1,1,1,1,1,0
Net_11863,cJun,5,1,0,1,1,1,1,0,1,1,0
Net_11863,p16INK4,2,1,1,1,1,1,1,1,1,1,0
Net_11863,p21,2,1,1,1,1,1,1,1,1,1,0
Net_11863,p38,2,1,0,1,1,0,1,1,1,1,0
Net_11863,p53,4,1,0,1,0,0,1,0,1,1,0
Net_11863,pRB,2,1,1,1,1,1,1,1,1,1,0
Net_1557,AC,4,1,0,1,1,1,1,0,1,1,0
Net_1557,ARF,2,1,1,1,1,1,1,1,1,1,0
Net_1557,Actin,2,1,1,1,1,1,1,0,1,1,0
Net_1557,Akt,8,0,0,1,0,0,0,0,0,0,1
Net_1557,B_Arrestin,4,1,0,1,1,1,1,1,1,1,0
Net_1557,Ca,2,1,0,1,1,0,1,1,1,1,0
Net_1557,CaMK,3,1,0,1,1,0,1,0,1,1,0
Net_1557,CaMKK,2,1,0,1,1,0,1,1,1,1,0
Net_1557,Cas,4,1,0,1,1,0,1,0,1,1,0
Net_1557,Cbp,2,1,0,1,1,0,1,1,1,1,0
Net_1557,Cdc42,10,1,0,0,1,0,0,0,0,0,0
Net_1557,Crk,4,1,0,1,1,0,1,0,1,1,0
Net_1557,Csk,8,1,0,0,1,0,1,0,1,1,0
Net_1557,DAG,5,0,0,1,0,0,0,0,0,0,1
Net_1557,DGK,6,1,0,1,1,1,1,0,0,0,0
Net_1557,DOCK180,3,1,0,1,1,1,1,0,1,1,0
Net_1557,EGFR,6,0,0,1,0,0,0,0,0,0,1
Net_1557,Erk,4,1,0,1,1,0,1,0,1,1,0
Net_1557,Fak,5,0,0,1,0,0,0,0,0,0,1
Net_1557,GRK,9,1,0,1,0,0,1,0,0,0,0
Net_1557,Ga_1213,4,0,0,1,0,0,0,0,0,0,1
Net_1557,Gab1,5,1,0,1,1,0,0,0,0,0,0
Net_1557,Gai,7,0,0,1,0,0,0,0,0,0,1
Net_1557,Gaq,5,0,0,1,0,0,0,0,0,0,1
Net_1557,Gas,5,0,0,1,0,0,0,0,0,0,1
Net_1557,Gbg_1213,3,1,0,1,1,0,1,0,1,1,0
Net_1557,Gbg_i,3,1,0,1,1,0,1,0,1,1,0
Net_1557,Gbg_q,3,1,0,1,1,0,1,0,1,1,0
Net_1557,Gbg_s,3,1,0,1,1,0,1,0,1,1,0
Net_1557,Graf,2,1,1,1,1,1,1,0,1,1,0
Net_1557,Grb2,4,1,0,1,1,1,1,0,1,1,0
Net_1557,IP3,3,1,0,1,1,1,1,0,1,1,0
Net_1557,IP3R1,7,0,0,1,0,0,0,0,0,0,1
Net_1557,Integrins,6,0,0,1,0,0,0,0,0,0,1
Net_1557,MKK3,11,1,0,1,1,1,1,0,1,1,0
Net_1557,MKK6,7,1,0,1,1,1,1,0,1,1,0
Net_1557,MKK7,8,1,0,1,1,1,1,0,1,1,0
Net_1557,MKPs,4,1,0,1,1,1,1,0,1,1,0
Net_1557,MLCK,4,1,0,1,0,0,1,0,1,1,0
Net_1557,MLCP,6,1,0,1,0,0,0,0,0,0,0
Net_1557,MLK1,2,1,1,1,1,1,1,1,1,1,0
Net_1557,MLK2,3,1,0,1,1,1,1,0,1,1,0
Net_1557,MLK3,3,1,0,1,1,1,1,1,1,1,0
Net_1557,Mek,8,0,0,0,0,0,1,0,0,0,0
Net_1557,Mekk1,9,1,0,1,1,1,1,0,1,1,0
Net_1557,Mekk2,6,1,0,1,1,0,1,0,1,1,0
Net_1557,Mekk3,4,1,0,1,0,0,1,0,1,1,0
Net_1557,Mekk4,2,1,1,1,1,1,1,1,1,1,0
Net_1557,Myosin,7,0,0,1,0,0,0,0,0,0,1
Net_1557,NIK,2,1,1,1,1,1,1,1,1,1,0
Net_1557,Nck,2,1,1,1,1,1,1,1,1,1,0
Net_1557,PAK,9,1,0,1,0,0,1,0,0,0,0
Net_1557,PDE4,3,1,0,1,1,0,1,0,1,1,0
Net_1557,PDK1,2,1,1,1,1,1,1,1,1,1,0
Net_1557,PI3K,7,1,0,1,1,1,1,0,1,1,0
Net_1557,PI4K,5,1,0,1,1,1,1,1,1,1,0
Net_1557,PI5K,7,1,0,1,1,0,0,0,0,0,0
Net_1557,PIP2_34,5,0,0,1,0,0,0,0,0,0,1
Net_1557,PIP2_45,8,1,0,0,1,1,1,0,0,0,0
Net_1557,PIP3_345,6,0,0,1,0,0,1,0,0,0,0
Net_1557,PIP_4,6,0,0,1,0,0,0,0,0,0,1
Net_1557,PKA,4,1,0,1,1,0,0,0,0,0,0
Net_1557,PKC,7,0,0,1,0,0,0,0,0,0,1
Net_1557,PKC_primed,3,0,0,1,0,0,0,0,0,0,1
Net_1557,PLA2,5,0,0,1,0,1,1,0,0,0,0
Net_1557,PLC_B,4,1,0,1,1,0,1,0,1,1,0
Net_1557,PLC_g,6,0,0,1,0,0,0,0,0,0,1
Net_1557,PLD,8,0,0,1,0,1,1,0,0,0,0
Net_1557,PTEN,7,0,0,1,0,0,1,0,0,0,0
Net_1557,PTP1b,3,1,0,1,0,1,1,0,1,1,0
Net_1557,PTPPEST,4,1,0,1,1,0,1,0,1,1,0
Net_1557,Palpha_1213R,2,1,1,1,1,1,1,0,1,1,0
Net_1557,Palpha_iR,2,1,1,1,1,1,1,0,1,1,0
Net_1557,Palpha_qR,2,1,1,1,1,1,1,0,1,1,0
Net_1557,Palpha_sR,2,1,1,1,1,1,1,0,1,1,0
Net_1557,Pix_Cool,3,1,0,1,1,1,1,0,1,1,0
Net_1557,RGS,2,1,1,1,1,1,1,0,1,1,0
Net_1557,Rac,14,1,0,0,1,0,0,0,0,0,0
Net_1557,Raf,9,0,0,1,0,0,0,0,0,0,1
Net_1557,Raf_DeP,4,1,0,1,0,0,1,0,1,1,0
Net_1557,Raf_Loc,4,0,0,1,0,0,0,0,0,0,1
Net_1557,Raf_Rest,3,0,0,1,0,0,0,0,0,0,1
Net_1557,Ral,3,1,0,1,1,1,1,1,1,1,0
Net_1557,RalGDS,9,1,0,1,1,0,1,0,0,0,0
Net_1557,Rap1,6,1,0,1,1,0,1,0,1,1,0
Net_1557,Ras,4,1,0,1,1,0,1,0,1,1,0
Net_1557,RasGRF_GRP,3,1,0,1,1,1,1,0,1,1,0
Net_1557,Rho,6,1,0,1,0,0,0,0,0,0,0
Net_1557,RhoGDI,3,1,0,1,0,1,1,1,1,1,0
Net_1557,SAPK,5,0,0,1,0,0,1,0,0,0,0
Net_1557,Sek1,10,1,0,1,1,1,1,0,1,1,0
Net_1557,Shc,5,1,0,1,1,0,1,0,1,1,0
Net_1557,Sos,6,1,0,0,1,0,1,0,0,0,0
Net_1557,Src,11,0,0,1,0,0,1,0,0,0,0
Net_1557,Tab_12,2,1,0,1,1,0,1,1,1,1,0
Net_1557,Talin,3,0,0,1,0,0,0,0,0,0,1
Net_1557,Tiam,8,0,0,1,0,1,1,0,0,0,0
Net_1557,Trx,2,1,1,1,1,1,1,1,1,1,0
Net_1557,Vinc,5,1,0,1,1,0,1,0,1,1,0
Net_1557,WASP,8,1,0,0,1,0,1,0,0,0,0
Net_1557,alpha_1213R,4,0,0,1,0,0,0,0,0,0,1
Net_1557,alpha_iR,4,0,0,1,0,0,0,0,0,0,1
Net_1557,alpha_qR,4,0,0,1,0,0,0,0,0,0,1
Net_1557,alpha_sR,4,0,0,1,0,0,0,0,0,0,1
Net_1557,cAMP,3,1,0,1,0,0,1,0,1,1,0
Net_1557,p115RhoGEF,2,1,1,1,1,1,1,0,1,1,0
Net_1557,p120RasGAP,8,1,0,1,0,0,1,0,1,1,0
Net_1557,p190RhoGAP,4,1,0,1,1,0,1,0,1,1,0
Net_1557,p38,5,1,0,1,0,0,1,0,1,1,0
Net_1557,p90RSK,3,1,0,1,1,0,1,0,1,1,0
Net_1607,Akt1,5,1,0,1,1,1,1,1,1,1,0
Net_1607,CDK2,3,1,0,1,1,0,1,1,1,1,0
Net_1607,CDK4,3,1,0,1,1,0,1,1,1,1,0
Net_1607,CycD1,4,1,0,1,1,1,1,0,1,1,0
Net_1607,ERa,2,1,1,1,1,1,1,1,1,1,0
Net_1607,ErbB1_2,2,1,1,1,1,1,1,0,1,1,0
Net_1607,ErbB1_3,2,1,1,1,1,1,1,0,1,1,0
Net_1607,ErbB2_3,2,1,1,1,1,1,1,0,1,1,0
Net_1607,IGF1R,3,1,0,1,0,0,1,0,1,1,0
Net_1607,MEK1,5,1,0,1,1,1,1,1,1,1,0
Net_1607,cMYC,3,1,0,1,1,1,1,1,1,1,0
Net_1607,p21,4,1,0,1,1,0,1,1,1,1,0
Net_1607,p27,5,1,0,1,1,0,1,1,1,1,0
Net_1607,pRB,3,1,0,0,1,1,1,0,1,1,0
Net_1778,ADD,5,1,0,1,0,0,1,0,1,1,0
Net_1778,ATM,3,1,0,1,0,0,1,0,1,1,0
Net_1778,ATR,4,1,0,1,0,0,1,0,1,1,0
Net_1778,BRCA1,5,1,0,1,1,0,1,0,1,1,0
Net_1778,CHK1,4,1,0,1,0,0,1,0,1,1,0
Net_1778,CHK2,4,1,0,1,0,0,1,0,1,1,0
Net_1778,CHKREC,7,1,0,1,0,0,1,0,1,1,0
Net_1778,DNAPK,3,1,0,1,1,0,1,0,1,1,0
Net_1778,DSB,5,1,0,1,0,0,1,0,1,1,0
Net_1778,FAN1,2,1,1,1,1,1,1,0,1,1,0
Net_1778,FANCD1N,4,1,0,1,1,0,1,0,1,1,0
Net_1778,FANCD2I,6,1,0,1,1,0,1,0,1,1,0
Net_1778,FANCJBRCA1,4,0,1,1,0,1,1,0,1,1,0
Net_1778,FANCM,2,1,0,1,1,0,1,1,1,1,0
Net_1778,FAcore,4,1,0,1,1,0,1,0,1,1,0
Net_1778,H2AX,5,1,0,1,1,0,1,0,1,1,0
Net_1778,HRR,5,1,0,1,1,0,1,0,1,1,0
Net_1778,ICL,2,1,0,1,1,0,1,1,1,1,0
Net_1778,KU,4,1,0,1,1,0,1,1,1,1,0
Net_1778,MRN,6,1,0,1,1,0,1,0,1,1,0
Net_1778,NHEJ,9,1,0,1,1,0,1,0,0,0,0
Net_1778,PCNATLS,4,1,0,0,1,0,1,0,1,1,0
Net_1778,RAD51,3,1,0,1,1,0,1,0,1,1,0
Net_1778,USP1,4,1,0,1,0,0,1,0,1,1,0
Net_1778,XPF,6,1,0,1,1,0,1,0,1,1,0
Net_1778,p53,6,1,0,1,0,0,1,0,1,1,0
Net_1778,ssDNARPA,6,1,0,1,1,0,1,0,1,1,0
Net_1969,AP1,2,1,1,1,1,1,1,0,1,1,0
Net_1969,ATF2,2,1,1,1,1,1,1,0,1,1,0
Net_1969,Akt,2,1,0,1,1,0,1,1,1,1,0
Net_1969,CDK2,3,1,0,1,1,0,1,0,1,1,0
Net_1969,CDKN2A,2,1,1,1,1,1,1,1,1,1,0
Net_1969,CTGF,2,1,1,1,1,1,1,1,1,1,0
Net_1969,Cdc42_Rac1,3,1,0,1,1,1,1,0,1,1,0
Net_1969,CellMigration,4,1,0,1,1,1,1,0,1,1,0
Net_1969,CyclinD,2,1,1,1,1,1,1,1,1,1,0
Net_1969,EGFR,2,1,1,1,1,1,1,1,1,1,0
Net_1969,Elk1,2,1,1,1,1,1,1,1,1,1,0
Net_1969,Fak,3,1,0,1,1,0,1,0,1,1,0
Net_1969,HBEGF,2,1,1,1,1,1,1,1,1,1,0
Net_1969,IL8,2,1,1,1,1,1,1,1,1,1,0
Net_1969,JNK,3,1,0,1,1,1,1,0,1,1,0
Net_1969,Mek,2,1,1,1,1,1,1,1,1,1,0
Net_1969,Mkk4,3,1,0,1,1,1,1,1,1,1,0
Net_1969,PI3K,3,1,0,1,1,1,1,0,1,1,0
Net_1969,PKC,3,1,0,1,1,0,1,0,1,1,0
Net_1969,PLC_g,2,1,1,1,1,1,1,1,1,1,0
Net_1969,PTGS2,3,1,0,1,1,1,1,0,1,1,0
Net_1969,Plasmin,2,1,1,1,1,1,1,0,1,1,0
Net_1969,Proliferation,2,1,1,1,1,1,1,0,1,1,0
Net_1969,Raf,3,1,0,1,1,1,1,0,1,1,0
Net_1969,Shc,3,1,0,1,1,1,1,1,1,1,0
Net_1969,cJUN,2,1,1,1,1,1,1,0,1,1,0
Net_1969,p38,4,1,0,1,1,0,1,0,1,1,0
Net_2035,Coup_fti,2,1,0,1,0,1,1,1,1,1,0
Net_2035,Emx2,4,1,0,1,1,0,1,1,1,1,0
Net_2035,Fgf8,3,1,0,1,1,0,1,0,1,1,0
Net_2035,Pax6,3,1,0,1,1,0,1,1,1,1,0
Net_2035,Sp8,2,1,0,1,1,0,1,1,1,1,0
Net_2084,BAX,2,1,0,1,1,0,1,1,1,1,0
Net_2084,CASP3,2,1,0,1,1,0,1,1,1,1,0
Net_2084,CASP8,4,0,0,1,0,0,0,0,0,0,1
Net_2084,DISC_FAS,2,1,1,1,1,1,1,0,1,1,0
Net_2084,DISC_TNF,2,1,1,1,1,1,1,0,1,1,0
Net_2084,MOMP,2,1,1,1,1,1,1,1,1,1,0
Net_2084,MPT,2,1,0,1,1,0,1,1,1,1,0
Net_2084,NFkB,2,1,0,1,1,0,1,1,1,1,0
Net_2084,RIP1,3,1,0,1,0,0,1,0,1,1,0
Net_2084,RIP1ub,2,1,1,1,1,1,1,0,1,1,0
Net_2084,ROS,3,1,0,1,0,0,1,0,1,1,0
Net_2084,XIAP,2,1,0,1,1,0,1,1,1,1,0
Net_2084,apoptosome,3,1,0,1,1,0,1,0,1,1,0
Net_2084,cIAP,3,1,0,1,0,0,1,0,1,1,0
Net_2135,AdenylateCyclase,2,1,1,1,1,1,1,1,1,1,0
Net_2135,Apoptosis,11,1,0,1,1,0,1,0,0,0,0
Net_2135,CAMP,2,1,1,1,1,1,1,1,1,1,0
Net_2135,CytC_CYT,2,1,1,1,1,1,1,1,1,1,0
Net_2135,CytC_MT,2,1,1,1,1,1,1,1,1,1,0
Net_2135,DNA_Frag,2,1,0,0,0,1,1,0,1,1,0
Net_2135,H2B,5,1,0,1,1,1,1,1,1,1,0
Net_2135,HOG1,3,1,0,1,1,0,1,0,1,1,0
Net_2135,MT_ALT,4,1,0,1,1,1,1,1,1,1,0
Net_2135,MT_Frag,5,1,0,1,1,0,1,0,1,1,0
Net_2135,PKA,2,1,1,1,1,1,1,1,1,1,0
Net_2135,RAS2,2,1,1,1,1,1,1,1,1,1,0
Net_2135,RLM1,2,1,1,1,1,1,1,1,1,1,0
Net_2135,ROS_CYT,12,1,0,1,1,0,1,0,1,1,0
Net_2135,ROS_MT,2,1,0,1,1,0,1,1,1,1,0
Net_2135,SLT2,5,1,0,1,1,0,0,0,0,0,0
Net_2135,STM1_NUC,2,1,0,1,1,0,1,1,1,1,0
Net_2135,YCA1,7,1,0,1,1,0,1,0,1,1,0
Net_2136,Bmp2,2,1,0,1,1,0,1,1,1,1,0
Net_2136,Dkk1,3,1,0,1,1,0,1,0,1,1,0
Net_2136,Fgf8,3,1,0,1,0,0,1,0,1,1,0
Net_2136,Foxc1_2,2,1,1,1,1,1,1,0,1,1,0
Net_2136,GATAs,3,1,0,1,1,1,1,1,1,1,0
Net_2136,Isl1,5,1,0,1,1,1,1,0,1,1,0
Net_2136,Mesp1,2,1,0,1,1,0,1,1,1,1,0
Net_2136,Nkx2_5,7,1,0,1,1,1,1,0,0,0,0
Net_2136,Tbx5,6,1,0,1,0,0,1,0,1,1,0
Net_2161,ABI1,3,1,0,1,1,0,1,1,1,1,0
Net_2161,Actin,2,1,0,0,0,1,1,0,1,1,0
Net_2161,AnionEM,3,0,0,1,0,0,1,1,1,1,0
Net_2161,Atrboh,4,1,0,1,1,0,1,0,1,1,0
Net_2161,CIS,4,0,1,1,0,1,1,0,1,1,0
Net_2161,Ca2_c,3,1,0,1,0,0,1,0,1,1,0
Net_2161,CaIM,4,1,0,1,0,0,1,0,1,1,0
Net_2161,Closure,5,1,0,1,1,0,1,0,1,1,0
Net_2161,Depolar,5,1,0,0,1,0,1,0,1,1,0
Net_2161,GPA1,3,1,0,1,1,0,1,0,1,1,0
Net_2161,HTPase,3,1,0,1,0,1,1,1,1,1,0
Net_2161,KAP,3,1,0,1,1,0,1,0,1,1,0
Net_2161,KOUT,4,1,0,1,1,0,1,0,1,1,0
Net_2161,Malate,3,1,0,1,1,0,1,1,1,1,0
Net_2161,NO,2,1,1,1,1,1,1,0,1,1,0
Net_2161,PLC,2,1,1,1,1,1,1,0,1,1,0
Net_2161,RAC1,2,1,0,1,0,1,1,1,1,1,0
Net_2172,Acetoacetyl_CoA,2,1,1,1,1,1,1,0,1,1,0
Net_2172,Cholesterol,2,1,1,1,1,1,1,1,1,1,0
Net_2172,Farnesyl_pyrophosphate,2,1,0,1,1,0,1,1,1,1,0
Net_2172,Geranyl_pyrophosphate,2,1,1,1,1,1,1,1,1,1,0
Net_2172,HMG_CoA,3,1,0,1,1,1,1,0,1,1,0
Net_2172,HMG_CoA_Reductase,2,1,0,1,1,0,1,1,1,1,0
Net_2172,Mevalonic_Acid,2,1,1,1,1,1,1,0,1,1,0
Net_2172,SREBP_SCAP,2,1,0,1,1,0,1,1,1,1,0
Net_2202,Adenylate_cyclase,2,1,0,1,1,0,1,1,1,1,0
Net_2202,Calcium,2,1,1,1,1,1,1,1,1,1,0
Net_2202,DARPP32,2,1,0,1,1,0,1,1,1,1,0
Net_2202,Dopamine,2,1,0,1,1,0,1,1,1,1,0
Net_2202,Glutamate_Receptor,3,1,0,1,1,0,1,0,1,1,0
Net_2214,akt,3,1,0,1,1,1,1,0,1,1,0
Net_2214,ap1,3,1,0,1,1,1,1,1,1,1,0
Net_2214,atf2,3,1,0,1,1,1,1,1,1,1,0
Net_2214,ccl2,4,1,0,1,1,1,1,0,1,1,0
Net_2214,cebpb,2,1,1,1,1,1,1,1,1,1,0
Net_2214,cebpd,3,1,0,1,1,1,1,0,1,1,0
Net_2214,cfos,2,1,1,1,1,1,1,0,1,1,0
Net_2214,cjun,2,1,1,1,1,1,1,1,1,1,0
Net_2214,cox2,4,1,0,1,1,1,1,1,1,1,0
Net_2214,cyt_p38,2,1,1,1,1,1,1,0,1,1,0
Net_2214,dum_cebp_cox2,2,1,1,1,1,1,1,1,1,1,0
Net_2214,dum_cebp_il1ra,2,1,1,1,1,1,1,1,1,1,0
Net_2214,dum_cebp_pro_il1b,2,1,1,1,1,1,1,1,1,1,0
Net_2214,dum_cebp_saa,2,1,1,1,1,1,1,1,1,1,0
Net_2214,dum_ikkab_nemo_akt_or_ck2_p65,3,1,0,1,1,1,1,0,1,1,0
Net_2214,dum_ikkab_or_ikkbb_nemo_ikkb_a,2,1,1,1,1,1,1,1,1,1,0
Net_2214,dum_il1_r1,2,1,1,1,1,1,1,1,1,1,0
Net_2214,dum_il1_r2,2,1,1,1,1,1,1,1,1,1,0
Net_2214,dum_irak1_or_2_traf6_ub,2,1,1,1,1,1,1,1,1,1,0
Net_2214,dum_mek3_or_4_or_6_nuc_p38,3,1,0,1,1,1,1,1,1,1,0
Net_2214,dum_mek4_or_7_jnk,2,1,1,1,1,1,1,1,1,1,0
Net_2214,dum_sap1_or_elk_cfos,2,1,1,1,1,1,1,1,1,1,0
Net_2214,dum_tak1_tab_or_mekk3_ikkb_a,3,1,0,1,1,1,1,0,1,1,0
Net_2214,elk1,3,1,0,1,1,1,1,1,1,1,0
Net_2214,erk12,2,1,0,1,1,0,1,1,1,1,0
Net_2214,hgf,2,1,1,1,1,1,1,0,1,1,0
Net_2214,hnf4a,2,1,1,1,1,1,1,0,1,1,0
Net_2214,ikba,3,0,0,1,0,0,1,1,1,1,0
Net_2214,ikba_degr,4,1,0,1,1,1,1,0,1,1,0
Net_2214,ikka_a,2,1,1,1,1,1,1,0,1,1,0
Net_2214,ikkaa_nemo,2,1,1,1,1,1,1,0,1,1,0
Net_2214,ikkab_nemo,3,1,0,1,1,1,1,0,1,1,0
Net_2214,ikkb_a,2,1,1,1,1,1,1,0,1,1,0
Net_2214,ikkbb_nemo,2,1,1,1,1,1,1,0,1,1,0
Net_2214,il1b_new,2,1,1,1,1,1,1,0,1,1,0
Net_2214,il1r1,2,1,0,1,1,0,1,1,1,1,0
Net_2214,il1r2,2,1,0,1,1,0,1,1,1,1,0
Net_2214,il1ra,3,1,0,1,1,1,1,0,1,1,0
Net_2214,il1rc,3,1,0,1,1,0,1,1,1,1,0
Net_2214,il6,6,1,0,1,1,0,1,0,1,1,0
Net_2214,il8,5,1,0,1,1,0,1,0,1,1,0
Net_2214,inos,2,1,1,1,1,1,1,1,1,1,0
Net_2214,irak1,5,1,0,1,1,0,1,0,1,1,0
Net_2214,irak1_ub,2,1,1,1,1,1,1,0,1,1,0
Net_2214,irak1c,2,1,1,1,1,1,1,0,1,1,0
Net_2214,irak2,4,1,0,1,1,0,1,0,1,1,0
Net_2214,irak4,2,1,0,1,1,0,1,1,1,1,0
Net_2214,irs1_ps,3,1,0,1,1,1,1,1,1,1,0
Net_2214,jnk,2,1,0,1,1,0,1,1,1,1,0
Net_2214,lbp,2,1,1,1,1,1,1,0,1,1,0
Net_2214,mek3,2,1,1,1,1,1,1,1,1,1,0
Net_2214,mek4,2,1,1,1,1,1,1,1,1,1,0
Net_2214,mek6,2,1,1,1,1,1,1,1,1,1,0
Net_2214,mek7,2,1,1,1,1,1,1,1,1,1,0
Net_2214,mekk3,2,1,1,1,1,1,1,1,1,1,0
Net_2214,msk1,2,1,1,1,1,1,1,1,1,1,0
Net_2214,nc_nfkb_pathway,2,1,1,1,1,1,1,0,1,1,0
Net_2214,nfkb,3,1,0,1,1,0,1,0,1,1,0
Net_2214,nuc_p38,2,1,0,1,1,0,1,1,1,1,0
Net_2214,p65,2,1,0,1,1,0,1,1,1,1,0
Net_2214,pellino,2,1,1,1,1,1,1,1,1,1,0
Net_2214,pi3k,2,1,1,1,1,1,1,1,1,1,0
Net_2214,pip3,2,1,0,1,1,0,1,1,1,1,0
Net_2214,pro_hgf,2,1,1,1,1,1,1,1,1,1,0
Net_2214,pro_il1b,4,1,0,1,1,1,1,0,1,1,0
Net_2214,ros,2,1,0,1,0,1,1,1,1,1,0
Net_2214,saa,2,1,1,1,1,1,1,0,1,1,0
Net_2214,sap1,3,1,0,1,1,1,1,1,1,1,0
Net_2214,tak1_tab,4,1,0,1,1,0,1,0,1,1,0
Net_2214,tpl2,4,1,0,1,1,0,1,0,1,1,0
Net_2214,traf6_ub,5,1,0,1,1,0,1,0,1,1,0
Net_2214,upa,2,1,1,1,1,1,1,0,1,1,0
Net_2215,CD4,4,1,0,1,1,0,1,0,1,1,0
Net_2215,CD8,5,1,0,1,0,0,1,0,1,1,0
Net_2215,Eomes,3,1,0,1,1,1,1,0,1,1,0
Net_2215,Foxp3,6,1,0,1,0,0,1,0,1,1,0
Net_2215,GATA3,5,1,0,1,0,0,1,0,1,1,0
Net_2215,IFNg,5,1,0,1,0,0,1,0,1,1,0
Net_2215,IL12R,2,1,0,1,1,0,1,1,1,1,0
Net_2215,IL18R,2,1,0,1,1,0,1,1,1,1,0
Net_2215,IL4,2,1,0,1,1,0,1,1,1,1,0
Net_2215,IL4R,2,1,0,1,1,0,1,1,1,1,0
Net_2215,IL7R,2,1,0,1,1,0,1,1,1,1,0
Net_2215,RORgt,6,0,0,1,0,0,1,0,0,0,0
Net_2215,Runx3,5,1,0,1,1,0,1,0,1,1,0
Net_2215,SOCS,2,1,1,1,1,1,1,1,1,1,0
Net_2215,STAT1,3,1,0,1,1,1,1,1,1,1,0
Net_2215,STAT3,3,1,0,1,1,1,1,1,1,1,0
Net_2215,STAT4,2,1,0,1,1,0,1,1,1,1,0
Net_2215,STAT5,3,1,0,1,0,0,1,0,1,1,0
Net_2215,Tbet,5,1,0,1,0,0,1,0,1,1,0
Net_2215,ThPOK,9,1,0,1,1,0,1,0,1,1,0
Net_2309,akt,5,1,0,1,1,0,1,0,1,1,0
Net_2309,ap1,2,1,1,1,1,1,1,0,1,1,0
Net_2309,bad,2,1,0,1,0,1,1,0,1,1,0
Net_2309,cfos,4,1,0,1,0,0,1,0,1,1,0
Net_2309,cmyc,2,1,0,1,1,0,1,1,1,1,0
Net_2309,creb,2,1,1,1,1,1,1,1,1,1,0
Net_2309,elk1,2,1,0,1,1,0,1,1,1,1,0
Net_2309,endocyt_degrad,2,1,1,1,1,1,1,0,1,1,0
Net_2309,erbb11,10,1,0,1,0,0,1,0,1,1,0
Net_2309,erbb12,9,1,0,1,1,0,1,0,1,1,0
Net_2309,erbb13,12,1,0,1,1,0,1,0,1,1,0
Net_2309,erbb14,12,1,0,1,1,0,1,0,1,1,0
Net_2309,erbb23,8,1,0,1,1,1,1,0,1,1,0
Net_2309,erbb24,14,1,0,1,1,1,1,0,1,1,0
Net_2309,erbb34,7,1,0,1,1,0,1,0,1,1,0
Net_2309,erbb44,8,1,0,1,1,1,1,0,1,1,0
Net_2309,gab1,3,1,0,1,1,1,1,1,1,1,0
Net_2309,grb2,9,1,0,1,1,1,1,1,1,1,0
Net_2309,gsk3,2,1,0,1,0,1,1,0,1,1,0
Net_2309,jnk,2,1,1,1,1,1,1,0,1,1,0
Net_2309,mek12,2,1,1,1,1,1,1,1,1,1,0
Net_2309,mkk4,3,1,0,1,1,1,1,1,1,1,0
Net_2309,mtor_rap,2,1,1,1,1,1,1,0,1,1,0
Net_2309,nck,3,1,0,1,1,1,1,1,1,1,0
Net_2309,nucerk12,2,1,0,1,1,0,1,1,1,1,0
Net_2309,p38,3,1,0,1,1,1,1,1,1,1,0
Net_2309,p70s6_1,2,1,1,1,1,1,1,1,1,1,0
Net_2309,p70s6_2,3,1,0,1,1,1,1,0,1,1,0
Net_2309,p90rsk,2,1,1,1,1,1,1,0,1,1,0
Net_2309,p90rskerk12d,2,1,1,1,1,1,1,0,1,1,0
Net_2309,pak1,3,1,0,1,1,1,1,0,1,1,0
Net_2309,pi34p2,3,1,0,1,1,0,1,0,1,1,0
Net_2309,pi3k,6,1,0,1,1,1,1,0,1,1,0
Net_2309,pip3,3,1,0,1,1,0,1,1,1,1,0
Net_2309,pkc,3,1,0,1,1,1,1,0,1,1,0
Net_2309,rab5a,2,1,0,1,1,0,1,1,1,1,0
Net_2309,raccdc42,2,1,1,1,1,1,1,1,1,1,0
Net_2309,raf1,4,1,0,1,1,0,1,0,1,1,0
Net_2309,ras,2,1,0,1,1,0,1,1,1,1,0
Net_2309,rasgap,2,1,0,1,1,0,1,1,1,1,0
Net_2309,rntre,2,1,1,1,1,1,1,0,1,1,0
Net_2309,shc,8,1,0,1,1,1,1,1,1,1,0
Net_2309,sos1,3,1,0,1,1,0,1,0,1,1,0
Net_2309,sos1esp8e3b1,4,1,0,1,1,1,1,0,1,1,0
Net_2309,stat1,2,1,1,1,1,1,1,0,1,1,0
Net_2309,stat3,2,1,1,1,1,1,1,0,1,1,0
Net_2309,stat5,3,1,0,1,1,1,1,0,1,1,0
Net_2309,vav2,3,1,0,1,1,1,1,0,1,1,0
Net_2314,a2m_gfbg,2,1,0,1,1,0,1,1,1,1,0
Net_2314,akt,5,1,0,1,1,0,1,0,1,1,0
Net_2314,anti_apoptotic,4,1,0,1,1,0,1,1,1,1,0
Net_2314,cebpb,2,1,1,1,1,1,1,1,1,1,0
Net_2314,crp,3,1,0,1,1,0,1,0,1,1,0
Net_2314,dum_cebp_saa,2,1,1,1,1,1,1,1,1,1,0
Net_2314,dum_gab1_kin_or_jak1_gab1_mem_p,2,1,1,1,1,1,1,1,1,1,0
Net_2314,dum_gp80_a_il6rc,2,1,1,1,1,1,1,1,1,1,0
Net_2314,dum_il6rc_p_or_grb2_vav,2,1,1,1,1,1,1,1,1,1,0
Net_2314,dum_mtorc1_or_pkcd_stat3_ta,2,1,1,1,1,1,1,1,1,1,0
Net_2314,dum_pkcd_camk24_stat1_ta,2,1,1,1,1,1,1,1,1,1,0
Net_2314,gab1_mem,3,1,0,1,1,1,1,0,1,1,0
Net_2314,gab1_mem_p,2,1,1,1,1,1,1,0,1,1,0
Net_2314,gp130s,2,1,0,1,0,1,1,1,1,1,0
Net_2314,gp80s_a,2,1,0,1,1,0,1,1,1,1,0
Net_2314,grb2_sos,2,1,1,1,1,1,1,1,1,1,0
Net_2314,il6rc,2,1,1,1,1,1,1,0,1,1,0
Net_2314,il6rc_p,4,1,0,1,1,0,1,0,1,1,0
Net_2314,ir,2,1,0,1,0,1,1,1,1,1,0
Net_2314,irs1_ps,2,1,1,1,1,1,1,1,1,1,0
Net_2314,irs1_py,3,1,0,1,0,1,1,1,1,1,0
Net_2314,jak1,4,1,0,1,0,1,1,1,1,1,0
Net_2314,p70s6k,3,1,0,1,1,1,1,1,1,1,0
Net_2314,pi3k,3,1,0,1,1,0,1,0,1,1,0
Net_2314,pip3,2,1,0,1,1,0,1,1,1,1,0
Net_2314,pro_hgf,2,1,1,1,1,1,1,1,1,1,0
Net_2314,pro_proliferative,6,1,0,0,1,0,1,0,1,1,0
Net_2314,ras,2,1,0,1,1,0,1,1,1,1,0
Net_2314,ras_gap,2,1,0,1,1,0,1,1,1,1,0
Net_2314,saa,3,1,0,1,1,1,1,0,1,1,0
Net_2314,shp2,5,1,0,1,1,0,1,0,1,1,0
Net_2314,shp2_a,4,1,0,1,1,0,1,0,1,1,0
Net_2314,socs3,4,1,0,1,1,1,1,1,1,1,0
Net_2314,stat1_py,5,1,0,1,1,0,1,0,1,1,0
Net_2314,stat1_ta,4,1,0,1,1,0,1,0,1,1,0
Net_2314,stat3_py,5,1,0,1,1,0,1,0,1,1,0
Net_2314,stat3_ta,4,1,0,1,1,0,1,0,1,1,0
Net_2314,tdum_shp2_il6rc_p,2,1,1,1,1,1,1,1,1,1,0
Net_2314,tdum_shp2_stat1_py,2,1,1,1,1,1,1,1,1,1,0
Net_2314,tdum_shp2_stat3_py,2,1,1,1,1,1,1,1,1,1,0
Net_2314,var_app,2,1,1,1,1,1,1,1,1,1,0
Net_2314,vav,2,1,0,1,1,0,1,1,1,1,0
Net_2329,APC,4,1,0,1,1,0,1,0,1,1,0
Net_2329,BAD,2,1,0,1,1,0,1,1,1,1,0
Net_2329,BID,4,1,0,1,1,0,1,0,1,1,0
Net_2329,BclX,3,1,0,1,1,0,1,1,1,1,0
Net_2329,Cas3,4,1,0,1,0,0,1,0,1,1,0
Net_2329,Cas6,2,1,0,1,1,0,1,1,1,1,0
Net_2329,Cas7,3,1,0,1,0,0,1,0,1,1,0
Net_2329,Cas8,3,1,0,1,0,0,1,0,1,1,0
Net_2329,Cas9,4,1,0,1,0,0,1,0,1,1,0
Net_2329,IAP,4,1,0,1,1,0,1,0,1,1,0
Net_2329,IKK,3,1,0,1,0,0,1,0,1,1,0
Net_2329,IkB,2,1,0,1,1,0,1,1,1,1,0
Net_2329,JNKK,2,1,0,1,1,0,1,1,1,1,0
Net_2329,Mdm2,2,1,1,1,1,1,1,1,1,1,0
Net_2329,Mito,2,1,0,1,1,0,1,1,1,1,0
Net_2329,PIP3,3,1,0,1,1,0,1,0,1,1,0
Net_2329,TRAF2,2,1,1,1,1,1,1,1,1,1,0
Net_2329,p53,3,1,0,1,0,0,1,0,1,1,0
Net_2341,CIA,3,1,0,1,1,0,1,0,1,1,0
Net_2341,CIR,3,1,0,1,1,0,1,0,1,1,0
Net_2341,PH,2,1,1,1,1,1,1,0,1,1,0
Net_2341,PTC_protein,3,1,0,1,1,0,1,0,1,1,0
Net_2341,SMO,2,1,0,0,0,1,1,0,1,1,0
Net_2341,en,2,1,0,1,1,0,1,1,1,1,0
Net_2341,hh,2,1,0,1,1,0,1,1,1,1,0
Net_2341,ptc,3,1,0,1,1,0,1,1,1,1,0
Net_2341,wg,4,1,0,1,0,0,1,0,1,1,0
Net_2394,AID,4,1,0,1,0,0,1,0,1,1,0
Net_2394,Bach2,2,1,0,1,1,0,1,1,1,1,0
Net_2394,Bcl6,7,1,0,1,0,0,1,0,1,1,0
Net_2394,Blimp1,6,1,0,1,0,0,1,0,1,1,0
Net_2394,Irf4,4,1,0,1,1,0,1,0,1,1,0
Net_2394,Pax5,4,1,0,1,0,0,1,0,1,1,0
Net_2394,XBP1,2,1,0,1,1,0,1,1,1,1,0
Net_2396,Cdh1,4,1,0,1,1,0,1,0,1,1,0
Net_2396,CycA,6,1,0,1,0,0,1,0,1,1,0
Net_2396,CycB,2,1,0,1,0,1,1,1,1,1,0
Net_2396,CycE,2,1,0,1,1,0,1,1,1,1,0
Net_2396,E2F,4,1,0,1,0,0,1,0,1,1,0
Net_2396,Rb,5,1,0,1,0,0,1,0,1,1,0
Net_2396,UbcH10,5,1,0,1,0,0,1,0,1,1,0
Net_2396,p27,5,1,0,1,0,0,1,0,1,1,0
Net_2404,Cdc14,2,1,1,1,1,1,1,0,1,1,0
Net_2404,Cdc20,3,1,0,1,1,1,1,0,1,1,0
Net_2404,Cdh1,4,1,0,0,0,1,1,0,1,1,0
Net_2404,Clb2,5,1,0,1,0,0,1,0,1,1,0
Net_2404,Clb5,3,1,0,1,1,0,1,1,1,1,0
Net_2404,Cln2,2,1,1,1,1,1,1,0,1,1,0
Net_2404,Cln3,2,1,0,1,1,0,1,1,1,1,0
Net_2404,MEN,2,1,1,1,1,1,1,0,1,1,0
Net_2404,SMBF,2,1,0,1,0,1,1,1,1,1,0
Net_2404,Sic1,6,0,0,1,0,0,0,0,0,0,1
Net_2404,Swi5,4,1,0,1,1,0,1,0,1,1,0
Net_2404,Whi5,3,1,0,1,0,1,1,0,1,1,0
Net_2407,A20,2,1,0,1,1,0,1,1,1,1,0
Net_2407,Apoptosis,2,1,1,1,1,1,1,1,1,1,0
Net_2407,BID,5,1,0,1,0,0,1,0,1,1,0
Net_2407,BclxL,6,1,0,1,0,0,1,0,1,1,0
Net_2407,CREB,3,1,0,1,1,0,1,0,1,1,0
Net_2407,CTLA4,2,1,0,1,1,0,1,1,1,1,0
Net_2407,Caspase,6,1,0,1,0,0,1,0,1,1,0
Net_2407,Ceramide,3,1,0,1,1,0,1,1,1,1,0
Net_2407,Cytoskeleton_signaling,2,1,0,1,1,0,1,1,1,1,0
Net_2407,DISC,6,1,0,1,1,0,1,0,1,1,0
Net_2407,ERK,3,1,0,1,1,0,1,0,1,1,0
Net_2407,FLIP,5,1,0,1,0,0,1,0,1,1,0
Net_2407,FYN,3,1,0,1,0,0,1,0,1,1,0
Net_2407,Fas,4,1,0,1,1,0,1,0,1,1,0
Net_2407,FasL,5,1,0,1,0,0,1,0,1,1,0
Net_2407,FasT,2,1,0,1,1,0,1,1,1,1,0
Net_2407,GAP,6,1,0,1,0,0,1,0,1,1,0
Net_2407,GPCR,2,1,0,1,1,0,1,1,1,1,0
Net_2407,GRB2,3,1,0,1,0,0,1,0,1,1,0
Net_2407,GZMB,4,1,0,1,0,0,1,0,1,1,0
Net_2407,IAP,3,1,0,1,1,0,1,1,1,1,0
Net_2407,IFNG,7,1,0,1,1,0,1,0,1,1,0
Net_2407,IFNGT,4,1,0,1,0,0,1,0,1,1,0
Net_2407,IL2,5,1,0,1,0,0,1,0,1,1,0
Net_2407,IL2RA,4,1,0,1,1,0,1,0,1,1,0
Net_2407,IL2RAT,4,1,0,1,1,0,1,0,1,1,0
Net_2407,IL2RB,4,1,0,1,1,0,1,0,1,1,0
Net_2407,IL2RBT,3,1,0,1,1,0,1,0,1,1,0
Net_2407,JAK,7,1,0,1,0,0,1,0,1,1,0
Net_2407,LCK,5,1,0,1,0,0,1,0,1,1,0
Net_2407,MCL1,6,1,0,1,1,0,1,0,1,1,0
Net_2407,MEK,2,1,0,1,1,0,1,1,1,1,0
Net_2407,NFAT,2,1,0,1,1,0,1,1,1,1,0
Net_2407,NFKB,6,1,0,1,0,0,1,0,1,1,0
Net_2407,P2,4,1,0,1,0,0,1,0,1,1,0
Net_2407,P27,2,1,0,1,1,0,1,1,1,1,0
Net_2407,PDGFR,3,1,0,1,0,0,1,0,1,1,0
Net_2407,PI3K,3,1,0,1,0,0,1,0,1,1,0
Net_2407,PLCG1,3,1,0,1,0,0,1,0,1,1,0
Net_2407,Proliferation,3,1,0,1,1,0,1,1,1,1,0
Net_2407,RANTES,2,1,0,1,1,0,1,1,1,1,0
Net_2407,RAS,4,1,0,1,0,0,1,0,1,1,0
Net_2407,S1P,3,1,0,1,1,0,1,1,1,1,0
Net_2407,SMAD,2,1,0,1,1,0,1,1,1,1,0
Net_2407,SOCS,4,1,0,1,1,0,1,1,1,1,0
Net_2407,SPHK1,2,1,0,1,1,0,1,1,1,1,0
Net_2407,STAT3,2,1,0,1,1,0,1,1,1,1,0
Net_2407,TBET,3,1,0,1,0,0,1,0,1,1,0
Net_2407,TCR,3,1,0,1,1,0,1,1,1,1,0
Net_2407,TNF,2,1,0,1,1,0,1,1,1,1,0
Net_2407,TPL2,4,1,0,1,0,0,1,0,1,1,0
Net_2407,TRADD,4,1,0,1,1,0,1,1,1,1,0
Net_2407,ZAP70,3,1,0,1,1,0,1,1,1,1,0
Net_2407,sFas,3,1,0,1,1,0,1,0,1,1,0
Net_2423,B,4,1,0,1,0,0,1,0,1,1,0
Net_2423,CD,4,1,0,1,1,0,1,0,1,1,0
Net_2423,CKI,6,0,0,1,0,0,1,0,0,0,0
Net_2423,Cdc14,2,1,1,1,1,1,1,0,1,1,0
Net_2423,Cdc20,3,1,0,1,1,1,1,0,1,1,0
Net_2423,Cdh1,4,1,0,0,0,1,1,0,1,1,0
Net_2423,Clb2,6,1,0,1,0,0,1,0,0,0,0
Net_2423,Clb5,3,1,0,0,1,0,1,0,1,1,0
Net_2423,MEN,2,1,1,1,1,1,1,0,1,1,0
Net_2423,SFF,6,0,0,1,0,0,1,0,0,0,0
Net_2423,SMBF,4,1,0,1,0,0,1,0,1,1,0
Net_2423,Swi5,3,1,0,1,1,0,1,0,1,1,0
Net_2663,Arm,7,1,0,1,1,0,1,0,1,1,0
Net_2663,Dally,2,1,0,1,1,0,1,1,1,1,0
Net_2663,Dlp,2,1,0,1,1,0,1,1,1,1,0
Net_2663,Dsh,3,1,0,1,0,0,1,0,1,1,0
Net_2663,Fz,2,1,1,1,1,1,1,0,1,1,0
Net_2663,Pan,2,1,0,1,1,0,1,1,1,1,0
Net_2663,Targets,6,1,0,1,1,0,1,0,1,1,0
Net_2667,Pvr,3,1,0,1,1,1,1,1,1,1,0
Net_2667,Raf,4,1,0,1,1,1,1,0,1,1,0
Net_2667,Ras,2,1,0,1,1,0,1,1,1,1,0
Net_2667,Rl,2,1,1,1,1,1,1,0,1,1,0
Net_2667,Targets,2,1,0,1,1,0,1,1,1,1,0
Net_2668,Cactus,2,1,0,1,0,1,1,0,1,1,0
Net_2668,Targets,2,1,1,1,1,1,1,1,1,1,0
Net_2669,Easter,2,1,1,1,1,1,1,0,1,1,0
Net_2669,ModSP,4,1,0,1,1,1,1,1,1,1,0
Net_2669,Psh,2,1,0,1,1,0,1,1,1,1,0
Net_2669,SPE,5,1,0,1,1,1,1,1,1,1,0
Net_2669,Viru_Fact,2,1,1,1,1,1,1,1,1,1,0
Net_2681,CLN3,4,1,0,1,1,0,1,0,1,1,0
Net_2681,HCM1,2,1,1,1,1,1,1,0,1,1,0
Net_2681,SBF,4,1,0,1,0,0,1,0,1,1,0
Net_2681,SFF,2,1,1,1,1,1,1,0,1,1,0
Net_2681,YHP1,2,1,1,1,1,1,1,1,1,1,0
Net_2681,YOX1,2,1,1,1,1,1,1,0,1,1,0
Net_2691,AP1,2,1,1,1,1,1,1,0,1,1,0
Net_2691,Fyn,3,1,0,1,1,1,1,0,1,1,0
Net_2691,Itk,2,1,1,1,1,1,1,0,1,1,0
Net_2691,Lck,3,1,0,1,1,0,1,0,1,1,0
Net_2691,PAGCsk,2,1,0,1,1,0,1,1,1,1,0
Net_2691,PLCg_act,5,1,0,1,1,1,1,0,1,1,0
Net_2691,Ras,2,1,1,1,1,1,1,1,1,1,0
Net_2691,RasGRP1,2,1,1,1,1,1,1,0,1,1,0
Net_2691,TCRbind,2,1,0,1,1,0,1,1,1,1,0
Net_2691,ZAP70,3,1,0,1,1,0,1,0,1,1,0
Net_2697,AKT,5,1,0,1,0,0,1,0,1,1,0
Net_2697,CyclinB1,4,1,0,1,0,0,1,0,1,1,0
Net_2697,CyclinD1,5,1,0,1,0,0,1,0,1,1,0
Net_2697,ERBB1,4,1,0,1,0,0,1,0,1,1,0
Net_2697,ERBB2,5,1,0,1,0,0,1,0,1,1,0
Net_2697,ERBB3,6,1,0,1,0,0,1,0,1,1,0
Net_2697,ERK1_2,2,1,1,1,1,1,1,1,1,1,0
Net_2697,FoxO1_3a,2,1,0,1,1,0,1,1,1,1,0
Net_2697,GSK3a_b,3,1,0,1,1,1,1,1,1,1,0
Net_2697,PRAS,2,1,0,1,1,0,1,1,1,1,0
Net_2697,PTEN,2,1,0,1,1,0,1,1,1,1,0
Net_2697,RB,3,1,0,1,0,0,1,0,1,1,0
Net_2697,RPS6,2,1,1,1,1,1,1,1,1,1,0
Net_2697,TSC2,4,1,0,1,1,0,1,1,1,1,0
Net_2697,cJUN,2,1,0,1,1,0,1,1,1,1,0
Net_2697,cRAF,4,1,0,1,0,0,1,0,1,1,0
Net_2697,p38,2,1,1,1,1,1,1,1,1,1,0
Net_2697,p53,6,1,0,1,1,1,1,1,1,1,0
Net_2697,p70S6K,5,1,0,1,0,0,1,0,1,1,0
Net_2698,AKT,6,1,0,1,0,0,1,0,1,1,0
Net_2698,CyclinB1,2,1,0,1,1,0,1,1,1,1,0
Net_2698,CyclinD1,5,1,0,1,1,1,1,1,1,1,0
Net_2698,ERBB1,6,1,0,1,0,0,1,0,1,1,0
Net_2698,ERBB2,5,1,0,1,0,0,1,0,1,1,0
Net_2698,ERBB3,5,1,0,1,0,0,1,0,1,1,0
Net_2698,ERK1_2,3,1,0,1,1,1,1,1,1,1,0
Net_2698,FOXO1_3a,2,1,0,1,1,0,1,1,1,1,0
Net_2698,GSKa_b,2,1,1,1,1,1,1,1,1,1,0
Net_2698,PRAS,3,1,0,1,0,0,1,0,1,1,0
Net_2698,PTEN,3,1,0,1,0,0,1,0,1,1,0
Net_2698,RB,3,1,0,1,0,0,1,0,1,1,0
Net_2698,RPS6,2,1,1,1,1,1,1,1,1,1,0
Net_2698,TSC2,5,1,0,1,0,0,1,0,1,1,0
Net_2698,cJUN,2,1,0,1,1,0,1,1,1,1,0
Net_2698,cRAF,4,1,0,1,0,0,1,0,1,1,0
Net_2698,p38,2,1,1,1,1,1,1,1,1,1,0
Net_2698,p53,4,1,0,1,1,1,1,1,1,1,0
Net_2698,p70S6K,4,1,0,1,0,0,1,0,1,1,0
Net_2699,AKT,4,1,0,1,1,1,1,1,1,1,0
Net_2699,ERBB1,5,1,0,1,0,0,1,0,1,1,0
Net_2699,ERBB2,6,1,0,1,0,0,1,0,1,1,0
Net_2699,ERBB3,4,1,0,1,0,0,1,0,1,1,0
Net_2699,ERK1_2,4,1,0,1,1,1,1,1,1,1,0
Net_2699,MEK1_2,4,1,0,1,1,1,1,1,1,1,0
Net_2699,PDK1,5,1,0,1,1,1,1,1,1,1,0
Net_2699,PKCa,2,1,1,1,1,1,1,1,1,1,0
Net_2699,PLCg,5,1,0,1,1,1,1,1,1,1,0
Net_2699,mTOR,3,1,0,1,1,1,1,1,1,1,0
Net_2699,p70S6K,4,1,0,1,1,1,1,1,1,1,0
Net_2700,AKT,5,1,0,1,1,1,1,1,1,1,0
Net_2700,ERBB1,5,1,0,1,0,0,1,0,1,1,0
Net_2700,ERBB2,6,1,0,1,0,0,1,0,1,1,0
Net_2700,ERBB3,5,1,0,1,0,0,1,0,1,1,0
Net_2700,ERK1_2,2,1,1,1,1,1,1,1,1,1,0
Net_2700,MEK1_2,5,1,0,1,1,1,1,1,1,1,0
Net_2700,PDK1,4,1,0,1,1,1,1,1,1,1,0
Net_2700,PKCa,3,1,0,1,1,1,1,1,1,1,0
Net_2700,PLCg,4,1,0,1,1,1,1,1,1,1,0
Net_2700,mTOR,2,1,1,1,1,1,1,1,1,1,0
Net_2700,p70S6K,5,1,0,1,1,1,1,1,1,1,0
Net_2701,AKT,4,1,0,1,1,1,1,1,1,1,0
Net_2701,ERBB1,5,1,0,1,0,0,1,0,1,1,0
Net_2701,ERBB2,4,1,0,1,1,0,1,1,1,1,0
Net_2701,ERBB3,4,1,0,1,0,0,1,0,1,1,0
Net_2701,ERK1_2,4,1,0,1,1,1,1,1,1,1,0
Net_2701,MEK1_2,4,1,0,1,1,1,1,1,1,1,0
Net_2701,PDK1,4,1,0,1,1,1,1,1,1,1,0
Net_2701,PKCa,2,1,1,1,1,1,1,1,1,1,0
Net_2701,PLCg,4,1,0,1,1,1,1,1,1,1,0
Net_2701,mTOR,2,1,1,1,1,1,1,1,1,1,0
Net_2701,p70S6K,4,1,0,1,1,1,1,1,1,1,0
Net_2703,AKT,7,1,0,1,0,0,1,0,1,1,0
Net_2703,BAX,2,1,1,1,1,1,1,1,1,1,0
Net_2703,CyclinB1,3,1,0,1,0,0,1,0,1,1,0
Net_2703,CyclinD1,6,1,0,1,0,0,1,0,1,1,0
Net_2703,ERBB1,4,1,0,1,0,0,1,0,1,1,0
Net_2703,ERBB2,6,1,0,1,0,0,1,0,1,1,0
Net_2703,ERBB3,5,1,0,1,0,0,1,0,1,1,0
Net_2703,ERK1_2,4,1,0,1,1,1,1,1,1,1,0
Net_2703,FoxO1_3a,2,1,0,1,1,0,1,1,1,1,0
Net_2703,GSKa_b,2,1,1,1,1,1,1,1,1,1,0
Net_2703,Nfkb,3,1,0,1,1,1,1,1,1,1,0
Net_2703,PRAS,3,1,0,1,0,0,1,0,1,1,0
Net_2703,PTEN,3,1,0,1,0,0,1,0,1,1,0
Net_2703,RB,5,1,0,1,0,0,1,0,1,1,0
Net_2703,RPS6,2,1,1,1,1,1,1,1,1,1,0
Net_2703,TSC2,5,1,0,1,0,0,1,0,1,1,0
Net_2703,cJUN,2,1,0,1,1,0,1,1,1,1,0
Net_2703,cRAF,6,1,0,1,0,0,1,0,1,1,0
Net_2703,p38,2,1,1,1,1,1,1,1,1,1,0
Net_2703,p53,4,1,0,1,1,1,1,1,1,1,0
Net_2703,p70S6K,5,1,0,1,0,0,1,0,1,1,0
Net_2738,ABL,2,1,1,1,1,1,1,1,1,1,0
Net_2738,AC,2,1,0,1,1,0,1,1,1,1,0
Net_2738,AKT,4,1,0,1,1,0,1,0,1,1,0
Net_2738,API,3,1,0,1,1,0,1,0,1,1,0
Net_2738,BAD,4,1,0,0,1,1,1,1,1,1,0
Net_2738,CBL,2,1,1,1,1,1,1,1,1,1,0
Net_2738,CBLB,5,1,0,1,1,0,1,0,1,1,0
Net_2738,CCR5_CXCR4,5,1,0,1,1,0,1,0,1,1,0
Net_2738,CD28,3,1,0,1,0,1,1,1,1,1,0
Net_2738,CD4,6,1,0,1,1,0,1,0,1,1,0
Net_2738,CDC42,2,1,1,1,1,1,1,1,1,1,0
Net_2738,CDKN1A_p21,4,1,0,1,1,0,1,0,1,1,0
Net_2738,CTNNB1_bcat,2,1,0,1,0,1,1,1,1,1,0
Net_2738,DAG,4,1,0,1,1,0,1,0,1,1,0
Net_2738,DNA,6,1,0,0,1,1,1,0,1,1,0
Net_2738,DOCK2_CRK_ELMO1,2,1,1,1,1,1,1,1,1,1,0
Net_2738,FYN,9,0,0,1,0,0,1,0,0,0,0
Net_2738,GAB2,4,1,0,1,1,1,1,0,1,1,0
Net_2738,GRAP2_GADS,2,1,1,1,1,1,1,1,1,1,0
Net_2738,GRB2,4,1,0,1,1,0,1,0,1,1,0
Net_2738,GRK,2,1,0,1,1,0,1,1,1,1,0
Net_2738,GaiGby,3,1,0,1,1,0,1,0,1,1,0
Net_2738,IKB,3,1,0,1,1,1,1,0,1,1,0
Net_2738,IP3,4,1,0,1,1,1,1,0,1,1,0
Net_2738,ITK,5,0,0,1,0,1,1,0,0,0,0
Net_2738,Ikkb_Ikky_Ikka,4,1,0,1,1,1,1,0,1,1,0
Net_2738,LAT,3,1,0,1,1,1,1,0,1,1,0
Net_2738,LCK,10,1,0,0,1,0,1,0,1,1,0
Net_2738,LCP2_SLP76,5,0,0,1,0,0,1,0,0,0,0
Net_2738,MAP2K4_Mkk4,3,1,0,1,1,1,1,1,1,1,0
Net_2738,MAP3K14_NIK,2,1,1,1,1,1,1,1,1,1,0
Net_2738,MAP3K1_Mekk1,3,1,0,1,1,1,1,1,1,1,0
Net_2738,MAP3K1_Mlk3,3,1,0,1,1,1,1,1,1,1,0
Net_2738,MAP3K7_TAK1,3,1,0,1,1,1,1,1,1,1,0
Net_2738,MAP4K1_Hpk1,7,1,0,0,1,1,1,0,1,1,0
Net_2738,MAPK14_p38,3,1,0,1,1,0,1,0,1,1,0
Net_2738,MAPK1_3_Erk,2,1,1,1,1,1,1,1,1,1,0
Net_2738,MAPK8_JNK,3,1,0,1,1,1,1,1,1,1,0
Net_2738,NFAT,3,1,0,1,1,0,1,0,1,1,0
Net_2738,NFKB,5,1,0,1,1,0,1,0,1,1,0
Net_2738,PAG,2,1,1,1,1,1,1,1,1,1,0
Net_2738,PAK,4,1,0,1,1,1,1,0,1,1,0
Net_2738,PI3K,15,1,0,1,1,0,1,0,0,0,0
Net_2738,PIP2,2,1,1,1,1,1,1,0,1,1,0
Net_2738,PIP3,2,1,1,1,1,1,1,0,1,1,0
Net_2738,PKCB_D,6,1,0,1,1,0,1,0,1,1,0
Net_2738,PKCth,8,1,0,1,1,0,1,0,0,0,0
Net_2738,PLCB,3,1,0,1,1,0,1,0,1,1,0
Net_2738,PLCy1,10,1,0,0,1,1,1,0,1,1,0
Net_2738,PRKCZ,3,1,0,1,1,0,1,0,1,1,0
Net_2738,PTEN,3,1,0,1,1,1,1,1,1,1,0
Net_2738,PTK2,5,1,0,1,1,0,1,0,1,1,0
Net_2738,PTK2B_Pyk2,2,1,1,1,1,1,1,1,1,1,0
Net_2738,PTPN11_SHP2,3,1,0,1,1,1,1,1,1,1,0
Net_2738,PTPN6_SHP1,4,1,0,1,1,0,1,0,1,1,0
Net_2738,PXN,3,1,0,0,1,1,1,0,1,1,0
Net_2738,P_REX1,3,1,0,1,1,0,1,0,1,1,0
Net_2738,RAC,4,1,0,1,1,1,1,1,1,1,0
Net_2738,RAF,5,1,0,1,1,1,1,0,1,1,0
Net_2738,RAS,6,0,0,1,0,0,1,0,0,0,0
Net_2738,RASGRP1,2,1,1,1,1,1,1,0,1,1,0
Net_2738,RASGRP2,3,1,0,1,1,1,1,0,1,1,0
Net_2738,Rik,2,1,1,1,1,1,1,0,1,1,0
Net_2738,SH3BP2,2,1,1,1,1,1,1,0,1,1,0
Net_2738,SHC,3,1,0,1,1,1,1,1,1,1,0
Net_2738,SIT1,2,1,1,1,1,1,1,1,1,1,0
Net_2738,SOS,2,1,1,1,1,1,1,1,1,1,0
Net_2738,STAT,2,1,1,1,1,1,1,1,1,1,0
Net_2738,Src,4,1,0,1,1,0,1,0,1,1,0
Net_2738,Sre,2,1,1,1,1,1,1,1,1,1,0
Net_2738,TCR,8,1,0,1,1,0,1,0,0,0,0
Net_2738,VAV1,6,1,0,1,1,1,1,0,1,1,0
Net_2738,VAV3,4,1,0,1,1,1,1,0,1,1,0
Net_2738,WASP,4,1,0,1,1,0,1,0,1,1,0
Net_2738,ZAP70,6,0,0,1,0,0,1,0,0,0,0
Net_2738,cAMP,2,1,1,1,1,1,1,1,1,1,0
Net_2738,capsid,2,1,1,1,1,1,1,1,1,1,0
Net_2738,gp120,3,1,0,1,1,1,1,1,1,1,0
Net_2738,matrix,6,1,0,1,1,1,1,1,1,1,0
Net_2738,nef,2,1,1,1,1,1,1,1,1,1,0
Net_2738,protease,3,1,0,1,0,1,1,1,1,1,0
Net_2738,rev,2,1,0,1,1,0,1,1,1,1,0
Net_2738,rt,6,1,0,1,1,1,1,1,1,1,0
Net_2738,tat,5,1,0,1,1,0,1,0,1,1,0
Net_2738,vif,2,1,0,1,1,0,1,1,1,1,0
Net_2901,GATA3,3,1,0,1,0,0,1,0,1,1,0
Net_2901,IFNg,5,1,0,1,0,0,1,0,1,1,0
Net_2901,IL18R,2,1,0,1,1,0,1,1,1,1,0
Net_2901,IL4,2,1,0,1,1,0,1,1,1,1,0
Net_2901,IL4R,2,1,0,1,1,0,1,1,1,1,0
Net_2901,JAK1,2,1,0,1,1,0,1,1,1,1,0
Net_2901,SOCS1,2,1,1,1,1,1,1,1,1,1,0
Net_2901,STAT1,2,1,1,1,1,1,1,1,1,1,0
Net_2901,STAT4,2,1,0,1,1,0,1,1,1,1,0
Net_2901,Tbet,3,1,0,1,0,0,1,0,1,1,0
Net_3481,HA_LipidRafts,2,1,0,1,1,0,1,1,1,1,0
Net_3481,IVA_EE,2,1,1,1,1,1,1,0,1,1,0
Net_3481,IVA_LE,3,1,0,1,1,0,1,0,1,1,0
Net_3481,IVA_SialicAcid,2,1,1,1,1,1,1,0,1,1,0
Net_3481,Infected,2,1,1,1,1,1,1,0,1,1,0
Net_3481,M1_M1,9,1,0,1,1,0,1,1,1,1,0
Net_3481,MEK,2,1,0,1,1,0,1,1,1,1,0
Net_3481,NA_LipidRafts,4,1,0,1,1,0,1,0,1,1,0
Net_3481,PB1_PA_cyto,3,1,0,1,1,0,1,0,1,1,0
Net_3481,PB1_cyto,2,1,0,1,1,0,1,1,1,1,0
Net_3481,PI3K,3,1,0,1,0,0,1,0,1,1,0
Net_3481,PKC,3,1,0,1,0,0,1,0,1,1,0
Net_3481,Progeny_Virion,11,1,0,1,1,1,1,0,1,1,0
Net_3481,RTK,3,1,0,1,1,0,1,1,1,1,0
Net_3481,Raf,2,1,1,1,1,1,1,0,1,1,0
Net_3481,cRNA_HA,5,1,0,0,1,1,1,0,1,1,0
Net_3481,cRNA_M,5,1,0,0,1,1,1,0,1,1,0
Net_3481,cRNA_NA,5,1,0,0,1,1,1,0,1,1,0
Net_3481,cRNA_NP,5,1,0,0,1,1,1,0,1,1,0
Net_3481,cRNA_NS,5,1,0,0,1,1,1,0,1,1,0
Net_3481,cRNA_PA,5,1,0,0,1,1,1,0,1,1,0
Net_3481,cRNA_PB1,5,1,0,0,1,1,1,0,1,1,0
Net_3481,cRNA_PB2,5,1,0,0,1,1,1,0,1,1,0
Net_3481,cRNP_HA,4,1,0,1,1,1,1,0,1,1,0
Net_3481,cRNP_M,4,1,0,1,1,1,1,0,1,1,0
Net_3481,cRNP_NA,4,1,0,1,1,1,1,0,1,1,0
Net_3481,cRNP_NP,4,1,0,1,1,1,1,0,1,1,0
Net_3481,cRNP_NS,4,1,0,1,1,1,1,0,1,1,0
Net_3481,cRNP_PA,4,1,0,1,1,1,1,0,1,1,0
Net_3481,cRNP_PB1,4,1,0,1,1,1,1,0,1,1,0
Net_3481,cRNP_PB2,4,1,0,1,1,1,1,0,1,1,0
Net_3481,pro_vRNP_HA_M1_cyto,3,1,0,1,1,1,1,0,1,1,0
Net_3481,pro_vRNP_HA_M1_nuc,5,1,0,1,1,0,1,0,1,1,0
Net_3481,pro_vRNP_M_M1_cyto,3,1,0,1,1,1,1,0,1,1,0
Net_3481,pro_vRNP_M_M1_nuc,5,1,0,1,1,0,1,0,1,1,0
Net_3481,pro_vRNP_NA_M1_cyto,3,1,0,1,1,1,1,0,1,1,0
Net_3481,pro_vRNP_NA_M1_nuc,5,1,0,1,1,0,1,0,1,1,0
Net_3481,pro_vRNP_NP_M1_cyto,3,1,0,1,1,1,1,0,1,1,0
Net_3481,pro_vRNP_NP_M1_nuc,5,1,0,1,1,0,1,0,1,1,0
Net_3481,pro_vRNP_NS_M1_cyto,3,1,0,1,1,1,1,0,1,1,0
Net_3481,pro_vRNP_NS_M1_nuc,5,1,0,1,1,0,1,0,1,1,0
Net_3481,pro_vRNP_PA_M1_cyto,3,1,0,1,1,1,1,0,1,1,0
Net_3481,pro_vRNP_PA_M1_nuc,5,1,0,1,1,0,1,0,1,1,0
Net_3481,pro_vRNP_PB1_M1_cyto,3,1,0,1,1,1,1,0,1,1,0
Net_3481,pro_vRNP_PB1_M1_nuc,5,1,0,1,1,0,1,0,1,1,0
Net_3481,pro_vRNP_PB2_M1_cyto,3,1,0,1,1,1,1,0,1,1,0
Net_3481,pro_vRNP_PB2_M1_nuc,5,1,0,1,1,0,1,0,1,1,0
Net_3481,temp_vRNP_HA_nuc,5,1,0,1,1,1,1,0,1,1,0
Net_3481,temp_vRNP_M_nuc,5,1,0,1,1,1,1,0,1,1,0
Net_3481,temp_vRNP_NA_nuc,5,1,0,1,1,1,1,0,1,1,0
Net_3481,temp_vRNP_NP_nuc,5,1,0,1,1,1,1,0,1,1,0
Net_3481,temp_vRNP_NS_nuc,5,1,0,1,1,1,1,0,1,1,0
Net_3481,temp_vRNP_PA_nuc,5,1,0,1,1,1,1,0,1,1,0
Net_3481,temp_vRNP_PB1_nuc,5,1,0,1,1,1,1,0,1,1,0
Net_3481,temp_vRNP_PB2_nuc,5,1,0,1,1,1,1,0,1,1,0
Net_3481,vRNA_HA_M1,2,1,1,1,1,1,1,0,1,1,0
Net_3481,vRNA_M_M1,2,1,1,1,1,1,1,0,1,1,0
Net_3481,vRNA_NA_M1,2,1,1,1,1,1,1,0,1,1,0
Net_3481,vRNA_NP_M1,2,1,1,1,1,1,1,0,1,1,0
Net_3481,vRNA_NS_M1,2,1,1,1,1,1,1,0,1,1,0
Net_3481,vRNA_PA_M1,2,1,1,1,1,1,1,0,1,1,0
Net_3481,vRNA_PB1_M1,2,1,1,1,1,1,1,0,1,1,0
Net_3481,vRNA_PB2_M1,2,1,1,1,1,1,1,0,1,1,0
Net_3491,Crc,2,1,0,1,1,0,1,1,1,1,0
Net_3491,Meta,9,1,0,1,0,0,1,0,0,0,0
Net_3491,Meta2,10,1,0,1,0,0,1,0,0,0,0
Net_3491,ProX,2,1,0,1,1,0,1,1,1,1,0
Net_3491,PtsN,2,1,0,1,1,0,1,1,1,1,0
Net_3491,Upper,8,1,0,1,1,0,1,0,1,1,0
Net_3491,XylR,3,1,0,1,1,0,1,1,1,1,0
Net_3491,XylSh,6,1,0,1,1,0,1,0,1,1,0
Net_3492,AP,6,1,0,1,1,1,1,0,1,1,0
Net_3492,AgAb,3,1,0,1,1,1,1,0,1,1,0
Net_3492,BC,2,1,1,1,1,1,1,1,1,1,0
Net_3492,Bb,2,1,0,1,1,0,1,1,1,1,0
Net_3492,DCI,3,1,0,1,1,1,1,0,1,1,0
Net_3492,DP,2,1,1,1,1,1,1,0,1,1,0
Net_3492,IFNgI,5,1,0,1,0,0,1,0,1,1,0
Net_3492,IL10I,4,1,0,1,1,1,1,0,1,1,0
Net_3492,IL12I,3,1,0,1,1,0,1,0,1,1,0
Net_3492,IL12II,3,1,0,1,1,0,1,0,1,1,0
Net_3492,IL4II,5,1,0,1,0,0,1,0,1,1,0
Net_3492,IgA,3,1,0,1,1,1,1,0,1,1,0
Net_3492,IgG,2,1,1,1,1,1,1,1,1,1,0
Net_3492,MPI,3,1,0,1,1,1,1,0,1,1,0
Net_3492,PH,2,1,1,1,1,1,1,0,1,1,0
Net_3492,PIC,4,1,0,1,0,0,1,0,1,1,0
Net_3492,TTSSI,3,1,0,1,1,0,1,1,1,1,0
Net_3492,Th1II,3,1,0,1,1,1,1,0,1,1,0
Net_3492,Th2II,3,1,0,1,1,0,1,0,1,1,0
Net_3492,TrII,2,1,1,1,1,1,1,0,1,1,0
Net_3493,AD,4,0,0,1,0,0,1,0,1,1,0
Net_3493,BC,2,1,1,1,1,1,1,1,1,1,0
Net_3493,EC,2,1,1,1,1,1,1,1,1,1,0
Net_3493,EL,2,1,0,1,1,0,1,1,1,1,0
Net_3493,EL2,3,1,0,1,1,1,1,0,1,1,0
Net_3493,IFNgI,2,1,1,1,1,1,1,1,1,1,0
Net_3493,IL12II,3,1,0,1,1,0,1,0,1,1,0
Net_3493,IL13,4,1,0,1,1,1,1,0,1,1,0
Net_3493,IL4II,5,1,0,1,1,0,1,0,1,1,0
Net_3493,IL5,2,1,1,1,1,1,1,1,1,1,0
Net_3493,IgA,2,1,1,1,1,1,1,0,1,1,0
Net_3493,IgE,3,1,0,1,1,1,1,0,1,1,0
Net_3493,NE,5,1,0,1,0,0,1,0,1,1,0
Net_3493,PIC,3,1,0,1,1,0,1,1,1,1,0
Net_3493,TEL,2,1,1,1,1,1,1,1,1,1,0
Net_3493,Th1II,3,1,0,1,1,1,1,0,1,1,0
Net_3493,Th2II,3,1,0,1,1,0,1,0,1,1,0
Net_3506,Ci_act,6,1,0,1,0,1,1,0,1,1,0
Net_3506,Ci_rep,6,1,0,1,1,1,1,0,1,1,0
Net_3506,Cos,2,1,0,1,0,1,1,0,1,1,0
Net_3506,Hh,8,1,0,1,1,1,1,0,1,1,0
Net_3506,Smo,3,1,0,1,1,0,1,0,1,1,0
Net_3506,Targets,2,1,0,1,1,0,1,1,1,1,0
Net_3509,AD,5,1,0,1,1,0,1,0,1,1,0
Net_3509,AP,6,1,0,1,1,1,1,0,1,1,0
Net_3509,AgAb_Bacterium,3,1,0,1,1,1,1,0,1,1,0
Net_3509,BC_Bacterium,2,1,1,1,1,1,1,1,1,1,0
Net_3509,BC_TRetortaeformis,2,1,1,1,1,1,1,1,1,1,0
Net_3509,Bb,2,1,0,1,1,0,1,1,1,1,0
Net_3509,Cb,4,0,0,1,0,0,1,0,1,1,0
Net_3509,DCI_Bacterium,3,1,0,1,1,1,1,0,1,1,0
Net_3509,DP,2,1,1,1,1,1,1,0,1,1,0
Net_3509,EC_TRetortaeformis,2,1,1,1,1,1,1,1,1,1,0
Net_3509,EL,2,1,0,1,1,0,1,1,1,1,0
Net_3509,EL2,3,1,0,1,1,1,1,0,1,1,0
Net_3509,IFNgI,3,1,0,1,1,1,1,1,1,1,0
Net_3509,IFNgII,2,1,1,1,1,1,1,1,1,1,0
Net_3509,IFNg_Bacterium,5,1,0,1,1,0,1,0,1,1,0
Net_3509,IL10I,2,1,1,1,1,1,1,1,1,1,0
Net_3509,IL10I_Bacterium,4,1,0,1,1,1,1,0,1,1,0
Net_3509,IL12II,4,1,0,1,1,0,1,0,1,1,0
Net_3509,IL13,5,1,0,1,1,1,1,0,1,1,0
Net_3509,IL4II,8,1,0,1,1,0,1,0,1,1,0
Net_3509,IL5,2,1,1,1,1,1,1,1,1,1,0
Net_3509,IgA_Bacterium,3,1,0,1,1,1,1,0,1,1,0
Net_3509,IgA_TRetortaeformis,2,1,1,1,1,1,1,0,1,1,0
Net_3509,IgE,3,1,0,1,1,1,1,0,1,1,0
Net_3509,IgG_Bacterium,2,1,1,1,1,1,1,1,1,1,0
Net_3509,MPI_Bacterium,3,1,0,1,1,1,1,0,1,1,0
Net_3509,NE_TRetortaeformis,5,0,0,1,0,0,1,0,0,0,0
Net_3509,PH,2,1,1,1,1,1,1,0,1,1,0
Net_3509,PIC,6,1,0,1,0,0,1,0,1,1,0
Net_3509,T0,2,1,1,1,1,1,1,1,1,1,0
Net_3509,TEL,2,1,1,1,1,1,1,1,1,1,0
Net_3509,TNE,2,1,1,1,1,1,1,1,1,1,0
Net_3509,TTSSI,3,1,0,1,1,0,1,1,1,1,0
Net_3509,Th1II_Bacterium,3,1,0,1,1,1,1,0,1,1,0
Net_3509,Th1II_TRetortaeformis,3,1,0,1,1,1,1,0,1,1,0
Net_3509,Th2II_Bacterium,3,1,0,1,1,0,1,0,1,1,0
Net_3509,Th2II_TRetortaeformis,3,1,0,1,1,0,1,0,1,1,0
Net_3509,TrII,3,1,0,1,1,1,1,0,1,1,0
Net_3510,Drk,2,1,1,1,1,1,1,0,1,1,0
Net_3510,Htl,2,1,1,1,1,1,1,1,1,1,0
Net_3510,Raf,4,1,0,1,1,1,1,0,1,1,0
Net_3510,Ras,3,1,0,0,1,1,1,0,1,1,0
Net_3510,Rl,2,1,1,1,1,1,1,0,1,1,0
Net_3510,Stumps,2,1,1,1,1,1,1,1,1,1,0
Net_3510,Targets,2,1,0,1,1,0,1,1,1,1,0
Net_3511,Cat8p,2,1,1,1,1,1,1,0,1,1,0
Net_3511,FBP1,2,1,1,1,1,1,1,1,1,1,0
Net_3511,GAL1,2,1,0,1,1,0,1,1,1,1,0
Net_3511,Gal3p,2,1,1,1,1,1,1,0,1,1,0
Net_3511,Gal4p,2,1,0,1,1,0,1,1,1,1,0
Net_3511,Gal80p,3,1,0,1,1,0,1,1,1,1,0
Net_3511,Glc7Reg1,3,1,0,1,1,1,1,0,1,1,0
Net_3511,HXT1,3,1,0,1,0,1,1,0,1,1,0
Net_3511,HXT2,2,1,0,1,0,1,1,1,1,1,0
Net_3511,HXT3,2,1,0,1,0,1,1,0,1,1,0
Net_3511,HXT4,3,1,0,1,0,1,1,0,1,1,0
Net_3511,ICL1,2,1,1,1,1,1,1,1,1,1,0
Net_3511,MALS,2,1,0,1,1,0,1,1,1,1,0
Net_3511,MDH2,2,1,1,1,1,1,1,1,1,1,0
Net_3511,MEL1,2,1,0,0,0,1,1,0,1,1,0
Net_3511,MLS1,2,1,1,1,1,1,1,1,1,1,0
Net_3511,MTH1,2,1,0,1,0,1,1,0,1,1,0
Net_3511,MalRp,2,1,1,1,1,1,1,0,1,1,0
Net_3511,Mig1p,2,1,0,1,1,0,1,1,1,1,0
Net_3511,Mig3p,2,1,0,1,1,0,1,1,1,1,0
Net_3511,Mth1p,5,1,0,1,1,0,1,0,1,1,0
Net_3511,Rgt1p,3,1,0,1,1,1,1,0,1,1,0
Net_3511,Rgt2p,2,1,1,1,1,1,1,0,1,1,0
Net_3511,SUC2,2,1,0,1,0,1,1,1,1,1,0
Net_3511,Sip4p,2,1,1,1,1,1,1,0,1,1,0
Net_3511,Snf1p,3,1,0,1,1,0,1,0,1,1,0
Net_3511,Snf3p,2,1,1,1,1,1,1,0,1,1,0
Net_3511,Std1p,5,1,0,1,1,0,1,0,1,1,0
Net_3511,galactose_int,2,1,1,1,1,1,1,0,1,1,0
Net_3511,maltose_int,2,1,1,1,1,1,1,0,1,1,0
Net_3512,ARE,4,1,0,1,1,0,1,1,1,1,0
Net_3512,Bcl2,2,1,0,1,0,1,1,1,1,1,0
Net_3512,Keap1,3,1,0,1,0,0,1,0,1,1,0
Net_3512,Mdm2,3,1,0,1,0,0,1,0,1,1,0
Net_3512,Nrf2,3,1,0,0,1,0,1,0,1,1,0
Net_3512,PIP3,2,1,0,1,1,0,1,1,1,1,0
Net_3512,PKC,2,1,0,1,1,0,1,1,1,1,0
Net_3512,ROS,2,1,0,1,1,0,1,1,1,1,0
Net_3512,p53,2,1,0,1,1,0,1,1,1,1,0
Net_36604,3_hydroxybutyryl_CoA,3,1,0,1,1,1,1,1,1,1,0
Net_36604,acetaldehyde,2,1,1,1,1,1,1,1,1,1,0
Net_36604,acetate,4,1,0,1,1,1,1,0,1,1,0
Net_36604,acetic_acid,3,1,0,1,1,0,1,0,1,1,0
Net_36604,acetoacetate,3,1,0,1,1,1,1,1,1,1,0
Net_36604,acetoacetyl_CoA,4,1,0,1,1,1,1,1,1,1,0
Net_36604,acetone,3,1,0,1,0,0,1,0,1,1,0
Net_36604,acetyl_CoA,5,1,0,1,1,1,1,0,1,1,0
Net_36604,ack,2,1,0,1,0,1,1,1,1,1,0
Net_36604,ald,2,1,1,1,1,1,1,1,1,1,0
Net_36604,bcd,2,1,0,1,0,1,1,1,1,1,0
Net_36604,buk1,2,1,0,1,0,1,1,1,1,1,0
Net_36604,butanal,3,1,0,1,1,1,1,1,1,1,0
Net_36604,butanol,6,1,0,1,0,0,1,0,1,1,0
Net_36604,butyrate,4,1,0,1,0,0,1,0,1,1,0
Net_36604,butyric_acid,3,1,0,1,1,0,1,0,1,1,0
Net_36604,butyryl_CoA,6,1,0,1,1,1,1,0,1,1,0
Net_36604,cell_membrane,5,1,0,1,0,0,1,0,1,1,0
Net_36604,crotonoyl_CoA,3,1,0,1,1,1,1,1,1,1,0
Net_36604,crt,2,1,0,1,0,1,1,1,1,1,0
Net_36604,ethanol,5,1,0,1,0,0,1,0,1,1,0
Net_36604,ferredoxin,2,1,0,1,1,0,1,1,1,1,0
Net_36604,glucose_PTS,4,1,0,0,1,1,1,0,1,1,0
Net_36604,hbd,2,1,0,1,0,1,1,1,1,1,0
Net_36604,lactate,2,1,0,1,1,0,1,1,1,1,0
Net_36604,lactic_acid,2,1,0,1,1,0,1,1,1,1,0
Net_36604,pta,2,1,0,1,0,1,1,1,1,1,0
Net_36604,ptb,2,1,0,1,0,1,1,1,1,1,0
Net_36604,pyruvate,5,1,0,1,1,1,1,1,1,1,0
Net_36604,sigE,2,1,1,1,1,1,1,1,1,1,0
Net_36604,sigF,3,1,0,1,1,0,1,0,1,1,0
Net_36604,sigH,2,1,0,1,1,0,1,1,1,1,0
Net_36604,spo0A,2,1,1,1,1,1,1,1,1,1,0
Net_36604,spo0A_p,4,1,0,0,1,0,1,0,1,1,0
Net_36604,spoIIAA,3,1,0,1,1,1,1,0,1,1,0
Net_36604,spoIIAB,4,1,0,1,1,0,1,0,1,1,0
Net_36604,spoIIAB_p,2,1,1,1,1,1,1,0,1,1,0
Net_36604,spoIIA_p,2,1,1,1,1,1,1,0,1,1,0
Net_36604,sporulation,7,1,0,1,0,0,1,0,1,1,0
Net_36604,thlA,2,1,0,1,1,0,1,1,1,1,0
Net_4601,AKT,3,1,0,1,1,0,1,1,1,1,0
Net_4601,ASK1,2,1,0,1,1,0,1,1,1,1,0
Net_4601,BAX,4,1,0,1,1,0,1,0,1,1,0
Net_4601,BCATENIN,2,1,0,1,0,1,1,0,1,1,0
Net_4601,BCL2,4,1,0,1,0,0,1,0,1,1,0
Net_4601,CASP3,3,1,0,1,0,0,1,0,1,1,0
Net_4601,CASP8,3,1,0,1,1,0,1,1,1,1,0
Net_4601,CASP9,3,1,0,1,1,0,1,1,1,1,0
Net_4601,CERAMIDE,2,1,0,1,1,0,1,1,1,1,0
Net_4601,COX2,2,1,1,1,1,1,1,0,1,1,0
Net_4601,CTL,2,1,0,1,1,0,1,1,1,1,0
Net_4601,CYCLIND1,4,1,0,1,0,0,1,0,1,1,0
Net_4601,DC,3,1,0,1,0,0,1,0,1,1,0
Net_4601,FADD,2,1,1,1,1,1,1,1,1,1,0
Net_4601,GSK3B,2,1,0,1,0,1,1,1,1,1,0
Net_4601,IAP,3,1,0,1,0,0,1,0,1,1,0
Net_4601,IFNG,2,1,1,1,1,1,1,1,1,1,0
Net_4601,IKK,3,1,0,1,1,1,1,0,1,1,0
Net_4601,IL10,2,1,1,1,1,1,1,1,1,1,0
Net_4601,IL12,2,1,1,1,1,1,1,1,1,1,0
Net_4601,IL4,2,1,1,1,1,1,1,1,1,1,0
Net_4601,IL6,3,1,0,1,1,1,1,1,1,1,0
Net_4601,JAK,2,1,0,1,1,0,1,1,1,1,0
Net_4601,JNK,2,1,1,1,1,1,1,1,1,1,0
Net_4601,JUN,4,1,0,1,1,0,1,0,1,1,0
Net_4601,MAC,3,1,0,1,0,0,1,0,1,1,0
Net_4601,MDM2,4,1,0,1,1,0,1,0,1,1,0
Net_4601,MEK,2,1,1,1,1,1,1,1,1,1,0
Net_4601,MEKK1,3,1,0,1,1,1,1,1,1,1,0
Net_4601,MOMP,4,1,0,1,0,0,1,0,1,1,0
Net_4601,P21,4,1,0,1,0,0,1,0,1,1,0
Net_4601,P53,4,1,0,1,0,0,1,0,1,1,0
Net_4601,PI3K,3,1,0,1,0,0,1,0,1,1,0
Net_4601,PP2A,2,1,0,1,1,0,1,1,1,1,0
Net_4601,PTEN,3,1,0,1,1,0,1,1,1,1,0
Net_4601,Proliferation,4,1,0,1,1,0,1,0,1,1,0
Net_4601,RAF,2,1,1,1,1,1,1,1,1,1,0
Net_4601,RAS,2,1,1,1,1,1,1,1,1,1,0
Net_4601,ROS,2,1,0,1,1,0,1,1,1,1,0
Net_4601,SMAD,2,1,0,1,1,0,1,1,1,1,0
Net_4601,SMAD7,2,1,1,1,1,1,1,1,1,1,0
Net_4601,SMASE,2,1,1,1,1,1,1,1,1,1,0
Net_4601,SOD,2,1,1,1,1,1,1,1,1,1,0
Net_4601,SPHK1,2,1,1,1,1,1,1,1,1,1,0
Net_4601,TBID,2,1,0,1,1,0,1,1,1,1,0
Net_4601,TGFR,2,1,0,1,1,0,1,1,1,1,0
Net_4601,TH1,5,1,0,1,0,0,1,0,1,1,0
Net_4601,TH2,3,1,0,1,1,0,1,1,1,1,0
Net_4601,TREG,3,1,0,1,0,0,1,0,1,1,0
Net_4705,SIP,3,1,0,1,1,0,1,0,1,1,0
Net_4705,byr4,4,1,0,1,1,0,1,0,1,1,0
Net_4705,byr4_cdc16,2,1,1,1,1,1,1,0,1,1,0
Net_4705,cdc11,4,1,0,0,1,1,1,0,1,1,0
Net_4705,cdc14_sid1,2,1,0,1,1,0,1,1,1,1,0
Net_4705,cdc42,3,1,0,1,0,0,1,0,1,1,0
Net_4705,cdc7,2,1,1,1,1,1,1,0,1,1,0
Net_4705,dma1,2,1,1,1,1,1,1,0,1,1,0
Net_4705,flp1,3,1,0,1,0,0,1,0,1,1,0
Net_4705,nak1,3,1,0,1,1,1,1,0,1,1,0
Net_4705,orb6,2,1,1,1,1,1,1,1,1,1,0
Net_4705,plo1,4,0,0,1,0,0,0,0,0,0,1
Net_4705,pmo25,2,1,1,1,1,1,1,1,1,1,0
Net_4705,sid2,3,1,0,0,1,1,1,0,1,1,0
Net_4705,spg1,3,1,0,1,0,0,1,0,1,1,0
Net_4706,Bmp2,2,1,0,1,1,0,1,1,1,1,0
Net_4706,Dkk1,3,1,0,1,1,0,1,0,1,1,0
Net_4706,Fgf8,3,1,0,1,0,0,1,0,1,1,0
Net_4706,Foxc1_2,2,1,1,1,1,1,1,0,1,1,0
Net_4706,GATAs,3,1,0,1,1,1,1,1,1,1,0
Net_4706,Isl1,5,1,0,1,1,1,1,0,1,1,0
Net_4706,Mesp1,2,1,0,1,1,0,1,1,1,1,0
Net_4706,Nkx2_5,7,1,0,1,1,1,1,0,0,0,0
Net_4706,Tbx5,6,1,0,1,0,0,1,0,1,1,0
Net_4775,AP1,4,1,0,1,1,1,1,1,1,1,0
Net_4775,ARC,2,1,1,1,1,1,1,1,1,1,0
Net_4775,ATF2,3,1,0,1,1,1,1,1,1,1,0
Net_4775,BTG2,2,1,1,1,1,1,1,1,1,1,0
Net_4775,CITED2,3,1,0,1,1,1,1,1,1,1,0
Net_4775,CREB,3,1,0,1,1,1,1,1,1,1,0
Net_4775,ETS1,2,1,1,1,1,1,1,1,1,1,0
Net_4775,Egr1,3,1,0,1,1,1,1,1,1,1,0
Net_4775,FAK,2,1,1,1,1,1,1,1,1,1,0
Net_4775,FOS,3,1,0,1,1,1,1,1,1,1,0
Net_4775,Fosl1,3,1,0,1,1,1,1,1,1,1,0
Net_4775,JNK,2,1,1,1,1,1,1,1,1,1,0
Net_4775,JUNB,3,1,0,1,1,1,1,1,1,1,0
Net_4775,JUND,2,1,1,1,1,1,1,1,1,1,0
Net_4775,KLF10,3,1,0,1,1,1,1,1,1,1,0
Net_4775,KLF2,3,1,0,1,1,1,1,1,1,1,0
Net_4775,KLF4,3,1,0,1,1,1,1,1,1,1,0
Net_4775,KLF5,3,1,0,1,1,1,1,1,1,1,0
Net_4775,KLF6,2,1,1,1,1,1,1,1,1,1,0
Net_4775,MEK,2,1,1,1,1,1,1,1,1,1,0
Net_4775,MSK1_2,2,1,1,1,1,1,1,1,1,1,0
Net_4775,MYC,3,1,0,1,1,1,1,1,1,1,0
Net_4775,Maff,3,1,0,1,1,1,1,1,1,1,0
Net_4775,P38,2,1,1,1,1,1,1,1,1,1,0
Net_4775,P53,3,1,0,1,1,1,1,1,1,1,0
Net_4775,PKC,2,1,1,1,1,1,1,1,1,1,0
Net_4775,PLC,2,1,1,1,1,1,1,1,1,1,0
Net_4775,RAF,2,1,1,1,1,1,1,1,1,1,0
Net_4775,SHC,2,1,1,1,1,1,1,1,1,1,0
Net_4775,Stat3,2,1,1,1,1,1,1,1,1,1,0
Net_4775,ZFP36,2,1,1,1,1,1,1,1,1,1,0
Net_4779,AMH,6,1,0,0,1,0,1,0,1,1,0
Net_4779,CBX2,4,1,0,1,1,0,1,0,1,1,0
Net_4779,CTNNB1,5,1,0,1,0,0,1,0,1,1,0
Net_4779,DKK1,2,1,1,1,1,1,1,1,1,1,0
Net_4779,DMRT1,3,1,0,1,0,0,1,0,1,1,0
Net_4779,FGF9,2,1,0,1,1,0,1,1,1,1,0
Net_4779,FOXL2,4,1,0,1,1,0,1,0,1,1,0
Net_4779,GATA4,4,1,0,1,1,1,1,1,1,1,0
Net_4779,NR0B1,5,0,0,1,0,0,1,0,0,0,0
Net_4779,NR5A1,6,0,0,1,0,0,1,0,0,0,0
Net_4779,RSPO1,3,1,0,1,0,0,1,0,1,1,0
Net_4779,SOX9,10,1,0,0,0,0,1,0,1,1,0
Net_4779,SRY,8,1,0,1,0,0,1,0,1,1,0
Net_4779,UGR,3,1,0,1,1,0,1,1,1,1,0
Net_4779,WNT4,6,1,0,1,0,0,1,0,1,1,0
Net_4779,WT1mKTS,2,1,1,1,1,1,1,1,1,1,0
Net_4779,WT1pKTS,4,0,0,1,0,0,1,0,1,1,0
Net_4783,ADM,2,1,1,0,1,1,1,0,1,1,0
Net_4783,AICDA,3,1,0,0,1,1,1,0,1,1,0
Net_4783,AKT3,2,1,0,1,1,0,1,1,1,1,0
Net_4783,ALOX5,2,1,1,0,1,1,1,0,1,1,0
Net_4783,APOBEC3G,2,1,0,0,0,1,1,0,1,1,0
Net_4783,APP,4,0,0,1,0,0,1,0,1,1,0
Net_4783,CASP3,3,1,0,1,1,0,1,1,1,1,0
Net_4783,CAV1,2,1,1,0,1,1,1,0,1,1,0
Net_4783,CCL5,2,1,0,1,1,0,1,1,1,1,0
Net_4783,CCND2,2,1,0,1,1,0,1,1,1,1,0
Net_4783,CD69,2,1,1,1,1,1,1,0,1,1,0
Net_4783,CD79A,2,1,1,1,1,1,1,0,1,1,0
Net_4783,EGR1,5,1,0,1,1,0,1,0,1,1,0
Net_4783,EZH2,2,1,0,0,0,1,1,0,1,1,0
Net_4783,FOS,8,1,0,0,1,0,1,0,1,1,0
Net_4783,HDAC9,2,1,0,1,1,0,1,1,1,1,0
Net_4783,IGF1R,2,1,1,1,1,1,1,0,1,1,0
Net_4783,IL7,2,1,1,0,1,1,1,0,1,1,0
Net_4783,INPP5D,2,1,1,0,1,1,1,0,1,1,0
Net_4783,JAK1,4,1,0,1,1,0,1,0,1,1,0
Net_4783,LPL,2,1,0,1,1,0,1,1,1,1,0
Net_4783,MIF,3,1,0,1,1,1,1,0,1,1,0
Net_4783,NFE2L2,2,1,0,1,1,0,1,1,1,1,0
Net_4783,PAX3,2,1,0,1,1,0,1,1,1,1,0
Net_4783,PCNA,3,1,0,1,1,0,1,0,1,1,0
Net_4783,PLD1,2,1,1,1,1,1,1,0,1,1,0
Net_4783,PRF1,2,1,1,0,1,1,1,0,1,1,0
Net_4783,PRKCA,2,1,1,1,1,1,1,0,1,1,0
Net_4783,PTEN,12,1,0,0,1,1,1,1,1,1,0
Net_4783,SELL,2,1,1,1,1,1,1,0,1,1,0
Net_4783,SELP,2,1,1,1,1,1,1,0,1,1,0
Net_4783,VDR,2,1,0,1,1,0,1,1,1,1,0
Net_4790,ADD,3,1,0,1,0,0,1,0,1,1,0
Net_4790,ATM,4,1,0,1,0,0,1,0,1,1,0
Net_4790,ATR,3,1,0,1,0,0,1,0,1,1,0
Net_4790,CHKREC,8,1,0,1,0,0,1,0,1,1,0
Net_4790,DSB,5,1,0,1,0,0,1,0,1,1,0
Net_4790,FAHRR,4,1,0,1,1,0,1,0,1,1,0
Net_4790,FANCD2I,5,1,0,0,1,0,1,0,1,1,0
Net_4790,FAcore,4,1,0,1,1,0,1,0,1,1,0
Net_4790,HRR2,7,1,0,1,1,0,0,0,0,0,0
Net_4790,ICL,2,1,0,1,1,0,1,1,1,1,0
Net_4790,NHEJ,5,1,0,1,1,0,1,0,1,1,0
Net_4790,NUC1,2,1,1,1,1,1,1,0,1,1,0
Net_4790,NUC2,7,1,0,1,1,0,1,0,0,0,0
Net_4790,TLS,3,1,0,0,1,0,1,0,1,1,0
Net_4790,p53,4,1,0,1,0,0,1,0,1,1,0
Net_4837,APC_C,5,1,0,1,0,0,1,0,1,1,0
Net_4837,CDKB1_1,7,1,0,1,1,0,1,0,1,1,0
Net_4837,CYCA2_3,3,1,0,1,0,0,1,0,1,1,0
Net_4837,CYCB1_1,8,1,0,1,0,0,1,0,1,1,0
Net_4837,E2Fa,4,0,0,1,0,0,1,0,1,1,0
Net_4837,E2Fb,2,1,0,1,1,0,1,1,1,1,0
Net_4837,E2Fc,6,0,0,1,0,0,1,0,0,0,0
Net_4837,E2Fe,6,1,0,1,1,0,1,0,1,1,0
Net_4837,KRP1,5,0,0,1,0,0,1,0,0,0,0
Net_4837,MYB3R1_4,4,1,0,1,1,0,1,0,1,1,0
Net_4837,MYB77,4,1,0,1,1,0,1,0,1,1,0
Net_4837,RBR,5,0,0,1,0,0,1,0,0,0,0
Net_4837,SCF,6,1,0,1,0,0,1,0,1,1,0
Net_4850,ATM,2,1,1,1,1,1,1,1,1,1,0
Net_4850,BAX,4,1,0,1,0,0,1,0,1,1,0
Net_4850,BCL2,4,1,0,1,0,0,1,0,1,1,0
Net_4850,BID,5,1,0,1,0,0,1,0,1,1,0
Net_4850,Bclxl,5,1,0,1,0,0,1,0,1,1,0
Net_4850,CDK2,2,1,0,1,1,0,1,1,1,1,0
Net_4850,CDK4,3,1,0,1,1,0,1,1,1,1,0
Net_4850,CYCD,3,1,0,1,1,1,1,1,1,1,0
Net_4850,Cas3,3,1,0,1,0,0,1,0,1,1,0
Net_4850,Cas8,3,1,0,1,1,0,1,0,1,1,0
Net_4850,Cas9,3,1,0,1,1,0,1,1,1,1,0
Net_4850,DNAdam,2,1,1,1,1,1,1,1,1,1,0
Net_4850,Fas,2,1,1,1,1,1,1,1,1,1,0
Net_4850,FasL,2,1,1,1,1,1,1,1,1,1,0
Net_4850,IKK,3,1,0,1,1,1,1,0,1,1,0
Net_4850,JAK1,3,1,0,1,1,0,1,0,1,1,0
Net_4850,JAK2,3,1,0,1,1,0,1,0,1,1,0
Net_4850,JNK,2,1,0,1,1,0,1,1,1,1,0
Net_4850,MDM,3,1,0,1,0,0,1,0,1,1,0
Net_4850,MYC,3,1,0,1,1,1,1,1,1,1,0
Net_4850,PI3K,2,1,1,1,1,1,1,0,1,1,0
Net_4850,PIP3,2,1,0,1,1,0,1,1,1,1,0
Net_4850,RAS,3,1,0,1,1,1,1,0,1,1,0
Net_4850,RIP,3,1,0,1,1,1,1,0,1,1,0
Net_4850,STRESS,2,1,0,0,0,1,1,0,1,1,0
Net_4850,XIAP,4,1,0,1,0,0,1,0,1,1,0
Net_4850,p21,5,1,0,1,1,0,1,1,1,1,0
Net_4850,p27,4,1,0,1,1,0,1,1,1,1,0
Net_4850,p53,4,0,0,1,0,0,1,0,1,1,0
Net_4850,pNFKB,4,1,0,0,1,1,1,0,1,1,0
Net_4850,pRB,3,1,0,0,1,1,1,0,1,1,0
Net_4850,pSTAT3,5,1,0,0,1,1,1,0,1,1,0
Net_4932,AnionCh,7,0,0,1,0,0,1,0,0,0,0
Net_4932,AnionCh_high,5,0,0,1,0,0,1,0,0,0,0
Net_4932,CaIc,2,1,1,1,1,1,1,1,1,1,0
Net_4932,CaR,2,1,1,1,1,1,1,1,1,1,0
Net_4932,Cac,4,1,0,1,1,0,1,0,1,1,0
Net_4932,Cac_high,4,1,0,1,1,0,1,0,1,1,0
Net_4932,Ci,4,1,0,1,1,0,1,0,1,1,0
Net_4932,Ci_sup,4,1,0,1,1,1,1,0,1,1,0
Net_4932,HATPase_1,7,1,0,1,0,0,1,0,0,0,0
Net_4932,HATPase_2,8,1,0,1,0,0,0,0,0,0,0
Net_4932,HATPase_3,8,1,0,1,0,0,0,0,0,0,0
Net_4932,KEV,2,1,1,1,1,1,1,0,1,1,0
Net_4932,Kc,9,1,0,1,0,0,1,0,0,0,0
Net_4932,Kin,6,1,0,1,1,0,1,0,0,0,0
Net_4932,Kout,7,1,0,1,1,0,1,0,1,1,0
Net_4932,MCPS,4,0,1,1,0,1,1,0,1,1,0
Net_4932,MCPS_high,4,1,0,1,1,1,1,0,1,1,0
Net_4932,NO,2,1,1,1,1,1,1,0,1,1,0
Net_4932,PK_1,5,0,0,1,0,0,0,0,0,0,1
Net_4932,PK_2,5,0,0,1,0,0,0,0,0,0,1
Net_4932,PK_3,5,1,0,1,1,0,0,0,0,0,0
Net_4932,PLA2,3,1,0,1,1,1,1,1,1,1,0
Net_4932,PLC,3,1,0,1,1,1,1,0,1,1,0
Net_4932,PLD,2,1,1,1,1,1,1,1,1,1,0
Net_4932,PLD_high,2,1,1,1,1,1,1,0,1,1,0
Net_4932,PMV_neg,8,0,0,1,0,0,1,0,0,0,0
Net_4932,PMV_pos,8,0,0,1,0,0,1,0,0,0,0
Net_4932,PP1cc_1,2,1,1,1,1,1,1,1,1,1,0
Net_4932,PP1cc_2,4,1,0,1,0,1,1,0,1,1,0
Net_4932,PP1cc_3,4,0,0,1,0,0,0,0,0,0,1
Net_4932,ROS,3,1,0,1,1,0,1,0,1,1,0
Net_4932,SO_1,2,1,1,1,1,1,1,0,1,1,0
Net_4932,SO_2,3,0,0,1,0,0,0,0,0,0,1
Net_4932,SO_3,2,1,1,1,1,1,1,0,1,1,0
Net_4932,carbfix,3,1,0,1,1,1,1,0,1,1,0
Net_4932,carbfix_high,3,1,0,1,1,1,1,0,1,1,0
Net_4932,phph,2,1,1,1,1,1,1,1,1,1,0
Net_4932,phph_high,2,1,1,1,1,1,1,0,1,1,0
Net_4932,sucrose,2,1,0,1,1,0,1,1,1,1,0
Net_4942,Bcatenin_M,3,1,0,1,0,1,1,1,1,1,0
Net_4942,CXCL12_M,4,1,0,1,1,0,1,1,1,1,0
Net_4942,CXCR4_H,4,1,0,1,1,0,1,1,1,1,0
Net_4942,CXCR7_H,2,1,1,1,1,1,1,0,1,1,0
Net_4942,ERK_H,9,1,0,1,0,0,1,0,1,1,0
Net_4942,ERK_M,3,1,0,1,1,1,1,1,1,1,0
Net_4942,FoxO3a_H,4,1,0,1,0,0,1,0,1,1,0
Net_4942,FoxO3a_M,4,1,0,1,0,0,1,0,1,1,0
Net_4942,Gfi1_H,3,1,0,1,0,0,1,0,1,1,0
Net_4942,IL1,6,0,0,1,0,0,1,0,0,0,0
Net_4942,NfkB_H,5,1,0,1,0,0,1,0,1,1,0
Net_4942,NfkB_M,5,1,0,1,1,1,1,0,1,1,0
Net_4942,PI3KAkt_H,7,1,0,1,0,0,1,0,1,1,0
Net_4942,PI3KAkt_M,3,1,0,1,1,1,1,1,1,1,0
Net_4942,ROS_H,3,1,0,1,1,0,1,0,1,1,0
Net_4942,ROS_M,3,1,0,1,1,0,1,0,1,1,0
Net_4942,VCAM1_M,3,1,0,0,1,0,1,0,1,1,0
Net_4942,VLA4_H,2,1,1,1,1,1,1,0,1,1,0
Net_5025,BCL6,4,1,0,1,1,0,1,1,1,1,0
Net_5025,FOXP3,5,1,0,1,1,0,1,0,1,1,0
Net_5025,GATA3,8,1,0,1,0,0,1,0,1,1,0
Net_5025,IFNG,10,1,0,1,0,0,1,0,1,1,0
Net_5025,IL10,6,1,0,1,1,1,1,0,1,1,0
Net_5025,IL2,6,1,0,1,0,0,1,0,1,1,0
Net_5025,IL21,9,1,0,1,0,0,1,0,1,1,0
Net_5025,IL4,7,1,0,1,0,0,1,0,1,1,0
Net_5025,IL9,6,1,0,1,1,0,1,0,1,1,0
Net_5025,RORGT,6,1,0,1,1,0,1,0,1,1,0
Net_5025,TBET,7,1,0,1,0,0,1,0,1,1,0
Net_5025,TGFB,4,1,0,1,1,0,1,0,1,1,0
Net_5128,A,2,1,1,1,1,1,1,0,1,1,0
Net_5128,Am,2,1,1,1,1,1,1,1,1,1,0
Net_5128,L,3,1,0,1,1,0,1,0,1,1,0
Net_5128,Lm,4,1,0,1,0,0,1,0,1,1,0
Net_5128,M,3,1,0,1,1,0,1,1,1,1,0
Net_5128,R,2,1,0,1,0,1,1,1,1,1,0
Net_5128,Rm,3,1,0,0,0,1,1,0,1,1,0
Net_5731,Barnesiella,4,1,0,1,0,0,1,0,1,1,0
Net_5731,Blautia,3,1,0,1,1,1,1,1,1,1,0
Net_5731,Clostridium_difficile,2,1,0,1,1,0,1,1,1,1,0
Net_5731,Enterococcus,5,1,0,0,1,0,1,0,1,1,0
Net_5731,Lachnospiraceae,4,1,0,1,0,0,1,0,1,1,0
Net_5731,Lachnospiraceae_other,4,1,0,1,0,0,1,0,1,1,0
Net_5731,Other,4,1,0,1,0,0,1,0,1,1,0
Net_5884,AKT1,8,1,0,1,1,0,1,0,1,1,0
Net_5884,AKT2,7,1,0,1,1,0,1,0,1,1,0
Net_5884,Apoptosis,8,1,0,1,0,0,1,0,1,1,0
Net_5884,CDH1,6,1,0,1,0,1,1,1,1,1,0
Net_5884,CTNNB1,8,1,0,1,0,1,1,1,1,1,0
Net_5884,CellCycleArrest,6,1,0,1,0,0,1,0,1,1,0
Net_5884,DKK1,2,1,1,1,1,1,1,1,1,1,0
Net_5884,EMT,2,1,0,1,1,0,1,1,1,1,0
Net_5884,ERK,5,1,0,1,0,0,1,0,1,1,0
Net_5884,GF,3,1,0,1,0,0,1,0,1,1,0
Net_5884,Invasion,3,1,0,1,1,1,1,0,1,1,0
Net_5884,Migration,8,1,0,1,1,0,1,0,1,1,0
Net_5884,NICD,6,1,0,1,1,0,1,1,1,1,0
Net_5884,SMAD,3,1,0,1,1,0,1,1,1,1,0
Net_5884,SNAI1,6,1,0,1,0,0,1,0,1,1,0
Net_5884,SNAI2,6,1,0,1,0,0,1,0,1,1,0
Net_5884,TGFbeta,3,1,0,1,0,0,1,0,1,1,0
Net_5884,TWIST1,3,1,0,1,1,1,1,1,1,1,0
Net_5884,VIM,2,1,1,1,1,1,1,1,1,1,0
Net_5884,ZEB1,6,1,0,1,0,0,1,0,1,1,0
Net_5884,ZEB2,6,1,0,1,0,0,1,0,1,1,0
Net_5884,miR200,8,1,0,1,0,0,1,0,1,1,0
Net_5884,miR203,4,1,0,1,1,0,1,1,1,1,0
Net_5884,miR34,8,1,0,1,1,0,1,0,1,1,0
Net_5884,p21,8,1,0,1,0,0,1,0,1,1,0
Net_5884,p53,8,1,0,1,0,0,1,0,1,1,0
Net_5884,p63,6,1,0,1,1,0,1,1,1,1,0
Net_5884,p73,5,1,0,1,1,0,1,1,1,1,0
Net_6885,A,2,1,1,1,1,1,1,0,1,1,0
Net_6885,Am,3,1,0,1,1,1,1,0,1,1,0
Net_6885,Ara+,3,1,0,1,1,1,1,0,1,1,0
Net_6885,L,2,1,0,1,1,0,1,1,1,1,0
Net_6885,MS,3,1,0,1,1,0,1,0,1,1,0
Net_6885,MT,2,1,1,1,1,1,1,0,1,1,0
Net_7916,AURKAActive,7,1,0,1,1,0,1,0,0,0,0
Net_7916,BORA,3,1,0,1,1,0,1,0,1,1,0
Net_7916,CDC25B,3,1,0,1,0,0,1,0,1,1,0
Net_7916,CDK1CCNBComplex,4,1,0,1,0,0,1,0,1,1,0
Net_7916,CentrosomeMat,2,1,0,1,1,0,1,1,1,1,0
Net_7916,Cytokinesis,2,1,0,1,1,0,1,1,1,1,0
Net_7916,GWL_MASTL,2,1,0,1,1,0,1,1,1,1,0
Net_7916,PLK1,5,1,0,1,1,0,1,0,1,1,0
Net_7916,PP1,3,1,0,1,0,1,1,1,1,1,0
Net_7916,PP2A,2,1,0,1,1,0,1,1,1,1,0
Net_7916,SpindleAssembly,2,1,0,1,1,0,1,1,1,1,0
Net_7926,Cat1_2,2,1,0,1,1,0,1,1,1,1,0
Net_7926,FCplusFe,2,1,1,1,1,1,1,0,1,1,0
Net_7926,HapX_1,2,1,0,1,1,0,1,1,1,1,0
Net_7926,ICP,3,1,0,1,0,0,1,0,1,1,0
Net_7926,LIP,5,0,0,1,0,1,1,0,0,0,0
Net_7926,MirB,2,1,0,1,1,0,1,1,1,1,0
Net_7926,ROS,6,1,0,1,1,0,1,0,0,0,0
Net_7926,SidA,2,1,0,1,1,0,1,1,1,1,0
Net_7926,SreA_1,2,1,1,1,1,1,1,0,1,1,0
Net_7926,VAC,2,1,1,1,1,1,1,0,1,1,0
Net_7984,AKT,2,1,0,1,1,0,1,1,1,1,0
Net_7984,AP1,3,1,0,1,1,1,1,0,1,1,0
Net_7984,ATF2,2,1,1,1,1,1,1,1,1,1,0
Net_7984,Apoptosis,4,1,0,1,1,0,1,0,1,1,0
Net_7984,BCL2,2,1,1,1,1,1,1,0,1,1,0
Net_7984,EGFR,4,1,0,1,0,0,1,0,1,1,0
Net_7984,ELK1,3,1,0,1,1,1,1,1,1,1,0
Net_7984,FGFR3,3,1,0,1,1,0,1,1,1,1,0
Net_7984,FOS,4,1,0,1,1,1,1,0,1,1,0
Net_7984,FOXO3,2,1,0,1,1,0,1,1,1,1,0
Net_7984,FRS2,3,1,0,1,1,0,1,1,1,1,0
Net_7984,GAB1,2,1,1,1,1,1,1,1,1,1,0
Net_7984,GADD45,2,1,1,1,1,1,1,1,1,1,0
Net_7984,GRB2,3,1,0,1,1,1,1,1,1,1,0
Net_7984,JNK,5,0,0,1,0,0,1,1,1,1,0
Net_7984,MDM2,3,1,0,1,0,0,1,0,1,1,0
Net_7984,MEK1_2,4,1,0,1,0,0,1,0,1,1,0
Net_7984,MSK,2,1,1,1,1,1,1,1,1,1,0
Net_7984,MYC,3,1,0,1,1,1,1,0,1,1,0
Net_7984,PI3K,3,1,0,1,1,1,1,0,1,1,0
Net_7984,PLCG,2,1,1,1,1,1,1,1,1,1,0
Net_7984,Proliferation,3,1,0,1,1,0,1,0,1,1,0
Net_7984,RAF,4,1,0,1,0,0,1,0,1,1,0
Net_7984,RAS,2,1,1,1,1,1,1,1,1,1,0
Net_7984,SOS,2,1,0,1,1,0,1,1,1,1,0
Net_7984,p21,2,1,0,1,1,0,1,1,1,1,0
Net_7984,p38,5,0,0,1,0,0,1,1,1,1,0
Net_7984,p53,3,0,0,1,0,0,1,1,1,1,0
Net_7984,p70,2,1,1,1,1,1,1,0,1,1,0
Net_8048,AKT,3,0,0,1,0,1,1,0,1,1,0
Net_8048,AR_AR,2,1,1,1,1,1,1,1,1,1,0
Net_8048,BAD,2,1,0,1,0,1,1,1,1,1,0
Net_8048,EFGR,2,1,1,1,1,1,1,1,1,1,0
Net_8048,ERK1_2,2,1,0,1,1,0,1,1,1,1,0
Net_8048,GRB2_SOS,5,1,0,1,1,0,1,0,1,1,0
Net_8048,IRS1,2,1,0,1,1,0,1,1,1,1,0
Net_8048,PIK3CA,3,1,0,1,1,1,1,1,1,1,0
Net_8048,PIP3,2,1,0,1,1,0,1,1,1,1,0
Net_8048,PSA,2,1,0,1,1,0,1,1,1,1,0
Net_8048,RP6SKB1,4,1,0,1,1,0,1,0,1,1,0
Net_8048,Raf,3,1,0,1,1,0,1,0,1,1,0
Net_8048,SRF_ELK1,2,1,1,1,1,1,1,0,1,1,0
Net_8048,TMPRSS2,2,1,0,1,1,0,1,1,1,1,0
Net_8048,TSC_1_2,2,1,0,1,1,0,1,1,1,1,0
Net_8080,Bach2,2,1,1,1,1,1,1,1,1,1,0
Net_8080,Bcl11b,2,1,1,1,1,1,1,0,1,1,0
Net_8080,Bcl2,2,1,1,1,1,1,1,1,1,1,0
Net_8080,Bcl6,4,1,0,1,1,0,1,0,1,1,0
Net_8080,Blimp1,4,1,0,1,1,0,1,1,1,1,0
Net_8080,CD4,5,1,0,1,0,0,1,0,1,1,0
Net_8080,CD8,6,1,0,1,0,0,1,0,1,1,0
Net_8080,EOMES,3,1,0,1,1,1,1,0,1,1,0
Net_8080,ERK,2,1,1,1,1,1,1,1,1,1,0
Net_8080,Ebf1,2,1,0,1,1,0,1,1,1,1,0
Net_8080,FR4,2,1,1,1,1,1,1,0,1,1,0
Net_8080,Flt3,3,1,0,1,0,0,1,0,1,1,0
Net_8080,Foxp3,7,1,0,1,0,0,1,0,1,1,0
Net_8080,GATA3,8,1,0,1,0,0,1,0,1,1,0
Net_8080,IFNg,5,1,0,1,0,0,1,0,1,1,0
Net_8080,IL12R,2,1,0,1,1,0,1,1,1,1,0
Net_8080,IL18R,2,1,0,1,1,0,1,1,1,1,0
Net_8080,IL4,2,1,0,1,1,0,1,1,1,1,0
Net_8080,IL4R,2,1,0,1,1,0,1,1,1,1,0
Net_8080,IL7R,2,1,0,1,1,0,1,1,1,1,0
Net_8080,Irf4,4,1,0,1,1,0,1,0,1,1,0
Net_8080,JAK3,3,1,0,1,0,0,1,0,1,1,0
Net_8080,PU1,3,1,0,1,1,0,1,1,1,1,0
Net_8080,Pax5,6,1,0,1,1,0,1,0,1,1,0
Net_8080,RORgt,6,0,0,1,0,0,1,0,0,0,0
Net_8080,Runx1,5,1,0,1,1,0,1,1,1,1,0
Net_8080,Runx3,4,1,0,1,1,0,1,0,1,1,0
Net_8080,SMAD3,2,1,0,1,1,0,1,1,1,1,0
Net_8080,SOCS1,2,1,1,1,1,1,1,1,1,1,0
Net_8080,STAT1,3,1,0,1,1,1,1,1,1,1,0
Net_8080,STAT3,4,1,0,1,1,1,1,1,1,1,0
Net_8080,STAT4,2,1,0,1,1,0,1,1,1,1,0
Net_8080,STAT5,3,1,0,1,0,0,1,0,1,1,0
Net_8080,Tbet,5,1,0,1,0,0,1,0,1,1,0
Net_8080,ThPOK,9,1,0,1,1,0,1,0,1,1,0
Net_8186,CD19_gene,2,1,0,1,1,0,1,1,1,1,0
Net_8186,Cebpa,2,1,1,1,1,1,1,1,1,1,0
Net_8186,Cebpa_gene,3,1,0,1,1,0,1,0,1,1,0
Net_8186,Cebpb,3,1,0,1,1,1,1,0,1,1,0
Net_8186,Csf1r,2,1,0,1,1,0,1,1,1,1,0
Net_8186,Csf1r_activated,2,1,1,1,1,1,1,0,1,1,0
Net_8186,E2A_gene,4,1,0,1,1,1,1,0,1,1,0
Net_8186,E2A_protein_active,2,1,0,1,1,0,1,1,1,1,0
Net_8186,Ebf1_gene,10,1,0,1,1,0,1,0,0,0,0
Net_8186,Egr1,4,1,0,1,1,0,1,0,1,1,0
Net_8186,Flt3,3,1,0,1,1,0,1,0,1,1,0
Net_8186,Foxo1,2,1,0,1,1,0,1,1,1,1,0
Net_8186,Foxo1_gene,3,1,0,1,1,0,1,0,1,1,0
Net_8186,Gfi1,4,1,0,1,1,0,1,0,1,1,0
Net_8186,IL7r,6,0,0,1,0,0,1,0,0,0,0
Net_8186,IL7r_activated,2,1,1,1,1,1,1,0,1,1,0
Net_8186,Id2,5,1,0,1,1,0,1,0,1,1,0
Net_8186,Ikzf1,2,1,1,1,1,1,1,1,1,1,0
Net_8186,Mef2c,3,1,0,1,1,0,1,0,1,1,0
Net_8186,Pax5_gene,3,1,0,1,1,0,1,0,1,1,0
Net_8186,Pax5_protein_active,2,1,0,1,1,0,1,1,1,1,0
Net_8186,Spi1,9,0,0,1,0,0,0,0,0,0,1
Net_8186,Spi1_2,8,1,0,1,1,0,1,0,0,0,0
Net_8227,Apoptosis,2,1,1,1,1,1,1,1,1,1,0
Net_8227,BID,2,1,0,1,0,1,1,1,1,1,0
Net_8227,CREB,2,1,0,1,1,0,1,1,1,1,0
Net_8227,CTLA4,2,1,0,1,1,0,1,1,1,1,0
Net_8227,Caspase,4,1,0,1,0,0,1,0,1,1,0
Net_8227,Ceramide,3,1,0,1,1,0,1,1,1,1,0
Net_8227,DISC,4,1,0,1,0,0,1,0,1,1,0
Net_8227,FLIP,2,1,0,1,0,1,1,1,1,1,0
Net_8227,Fas,2,1,0,1,0,1,1,1,1,1,0
Net_8227,GPCR,2,1,0,1,1,0,1,1,1,1,0
Net_8227,IAP,2,1,0,1,0,1,1,1,1,1,0
Net_8227,IFNG,3,1,0,1,0,1,1,1,1,1,0
Net_8227,MCL1,2,1,0,1,0,1,1,1,1,1,0
Net_8227,P2,3,1,0,1,0,0,1,0,1,1,0
Net_8227,S1P,2,1,0,1,0,1,1,1,1,1,0
Net_8227,SMAD,2,1,0,1,1,0,1,1,1,1,0
Net_8227,TCR,2,1,0,1,0,1,1,1,1,1,0
Net_8227,sFas,2,1,0,1,1,0,1,1,1,1,0
Net_91515,Adult_Helminth,4,1,0,1,1,0,1,1,1,1,0
Net_91515,Amastgotes_Leishmania,4,1,0,0,0,0,1,0,1,1,0
Net_91515,Apoptosis_Macrophage_Mtb,2,1,1,1,1,1,1,0,1,1,0
Net_91515,Apoptosis_Neutrophil_Mtb,2,1,1,1,1,1,1,0,1,1,0
Net_91515,Cell_B_EBOV,4,1,0,1,1,0,1,0,1,1,0
Net_91515,Cell_B_HIV,3,1,0,1,1,0,1,0,1,1,0
Net_91515,Cell_B_Healthy,3,1,0,1,1,1,1,0,1,1,0
Net_91515,Cell_B_Helminth,3,1,0,1,1,1,1,0,1,1,0
Net_91515,Cell_B_IAV,3,1,0,1,1,1,1,0,1,1,0
Net_91515,Cell_B_PF,4,1,0,1,1,1,1,0,1,1,0
Net_91515,Cell_Basophil_Helminth,3,1,0,1,1,1,1,0,1,1,0
Net_91515,Cell_CD4_HIV,2,1,1,1,1,1,1,0,1,1,0
Net_91515,Cell_CD4_HIV_infected,5,1,0,1,1,0,1,0,1,1,0
Net_91515,Cell_CD4_Naive,3,1,0,1,0,0,1,0,1,1,0
Net_91515,Cell_CD8_EBOV,3,1,0,1,1,0,1,0,1,1,0
Net_91515,Cell_CD8_HIV,3,1,0,1,1,0,1,0,1,1,0
Net_91515,Cell_CD8_HPV,3,1,0,1,1,0,1,0,1,1,0
Net_91515,Cell_CD8_IAV,6,0,0,1,0,0,1,0,0,0,0
Net_91515,Cell_CD8_Leishmania,2,1,1,1,1,1,1,0,1,1,0
Net_91515,Cell_CD8_Mtb,4,1,0,0,1,1,1,0,1,1,0
Net_91515,Cell_CD8_Naive,3,1,0,0,1,0,1,0,1,1,0
Net_91515,Cell_CD8_PF,2,1,1,1,1,1,1,0,1,1,0
Net_91515,Cell_Dendritic_CandidaAlbicans,3,1,0,1,1,0,1,0,1,1,0
Net_91515,Cell_Dendritic_EBOV,5,1,0,0,1,0,1,0,1,1,0
Net_91515,Cell_Dendritic_HIV,4,1,0,1,1,0,1,0,1,1,0
Net_91515,Cell_Dendritic_Healthy,5,1,0,1,1,1,1,0,1,1,0
Net_91515,Cell_Dendritic_Helminth,4,1,0,1,1,0,1,0,1,1,0
Net_91515,Cell_Dendritic_IAV,4,1,0,1,1,1,1,0,1,1,0
Net_91515,Cell_Dendritic_Leishmania,3,1,0,1,1,1,1,0,1,1,0
Net_91515,Cell_Dendritic_Mtb,3,1,0,1,1,1,1,0,1,1,0
Net_91515,Cell_Dendritic_PF,5,1,0,1,1,1,1,0,1,1,0
Net_91515,Cell_Endothelial_Helminth,5,1,0,1,1,0,1,0,1,1,0
Net_91515,Cell_Eosinophil_Helminth,4,1,0,1,1,0,1,0,1,1,0
Net_91515,Cell_Epithelial_CandidaAlbicans,5,1,0,1,1,0,1,0,1,1,0
Net_91515,Cell_Epithelial_Healthy,3,1,0,0,1,0,1,0,1,1,0
Net_91515,Cell_Epithelial_IAV,6,1,0,1,1,0,1,0,1,1,0
Net_91515,Cell_Epithelial_helminth,5,1,0,1,1,0,1,0,1,1,0
Net_91515,Cell_Erythrocyte_Healthy,2,1,0,1,1,0,1,1,1,1,0
Net_91515,Cell_Erythrocyte_PF,3,1,0,1,1,1,1,0,1,1,0
Net_91515,Cell_Hepatocytes_EBOV,2,1,1,1,1,1,1,0,1,1,0
Net_91515,Cell_Hepatocytes_Healthy,2,1,1,1,1,1,1,1,1,1,0
Net_91515,Cell_ILC2_Helminth,3,1,0,1,1,1,1,0,1,1,0
Net_91515,Cell_Keratinocytes_HPV,4,0,1,1,0,1,1,0,1,1,0
Net_91515,Cell_LC_HIV,2,1,1,1,1,1,1,0,1,1,0
Net_91515,Cell_LC_HPV,2,1,1,1,1,1,1,0,1,1,0
Net_91515,Cell_Macrophage_CandidaAlbicans,2,1,1,1,1,1,1,0,1,1,0
Net_91515,Cell_Macrophage_EBOV,5,1,0,1,1,0,1,0,1,1,0
Net_91515,Cell_Macrophage_HIV,3,1,0,1,1,1,1,0,1,1,0
Net_91515,Cell_Macrophage_Healthy,6,1,0,1,1,0,1,0,1,1,0
Net_91515,Cell_Macrophage_Helminth,5,1,0,0,1,0,1,0,1,1,0
Net_91515,Cell_Macrophage_IAV,3,1,0,1,1,0,1,0,1,1,0
Net_91515,Cell_Macrophage_Leishmania,6,1,0,1,1,0,1,0,1,1,0
Net_91515,Cell_Macrophage_Mtb,3,1,0,1,1,1,1,0,1,1,0
Net_91515,Cell_Macrophage_PF,4,1,0,0,1,1,1,0,1,1,0
Net_91515,Cell_Mast,2,1,1,1,1,1,1,1,1,1,0
Net_91515,Cell_Monocytes_EBOV,3,1,0,1,1,1,1,0,1,1,0
Net_91515,Cell_Monocytes_Healthy,2,1,1,1,1,1,1,1,1,1,0
Net_91515,Cell_NKT_Helminth,2,1,1,1,1,1,1,0,1,1,0
Net_91515,Cell_NK_HIV,5,1,0,1,1,1,1,0,1,1,0
Net_91515,Cell_NK_HPV,2,1,1,1,1,1,1,0,1,1,0
Net_91515,Cell_NK_IAV,2,1,1,1,1,1,1,0,1,1,0
Net_91515,Cell_NK_Leishmania,3,1,0,1,1,1,1,0,1,1,0
Net_91515,Cell_NK_PF,7,0,0,1,0,0,1,0,0,0,0
Net_91515,Cell_Neutrophil_CandidaAlbicans,6,1,0,1,1,1,1,0,1,1,0
Net_91515,Cell_Neutrophil_Leishmania,2,1,1,1,1,1,1,0,1,1,0
Net_91515,Cell_Neutrophil_Mtb,3,1,0,1,1,1,1,0,1,1,0
Net_91515,Cell_Th17_CandidaAlbicans,2,1,1,1,1,1,1,0,1,1,0
Net_91515,Cell_Th17_IAV,2,1,1,1,1,1,1,0,1,1,0
Net_91515,Cell_Th1_EBOV,4,1,0,1,1,0,1,0,1,1,0
Net_91515,Cell_Th1_HPV,3,1,0,1,1,0,1,0,1,1,0
Net_91515,Cell_Th1_IAV,5,1,0,1,1,0,1,0,1,1,0
Net_91515,Cell_Th1_Leishmania,3,1,0,1,1,1,1,0,1,1,0
Net_91515,Cell_Th1_Mtb,6,1,0,1,1,0,1,0,1,1,0
Net_91515,Cell_Th1_PF,9,0,0,1,0,0,0,0,0,0,1
Net_91515,Cell_Th2_Helminth,7,1,0,1,1,0,1,0,1,1,0
Net_91515,Cell_Th2_IAV,3,1,0,1,1,0,1,0,1,1,0
Net_91515,Cell_Treg_HIV,2,1,1,1,1,1,1,0,1,1,0
Net_91515,Cell_Treg_IAV,3,1,0,1,1,1,1,0,1,1,0
Net_91515,Cell_Treg_PF,2,1,1,1,1,1,1,0,1,1,0
Net_91515,Cell_monocytes_leishmania,2,1,1,1,1,1,1,0,1,1,0
Net_91515,Cell_pDendritic_HIV,2,1,1,1,1,1,1,0,1,1,0
Net_91515,Cell_pKeratinocytes,2,1,1,1,1,1,1,0,1,1,0
Net_91515,DaughterCells_CandidaAlbicans,4,1,0,1,1,0,1,1,1,1,0
Net_91515,IFNa,3,1,0,1,1,1,1,0,1,1,0
Net_91515,IFNb,3,1,0,1,1,1,1,0,1,1,0
Net_91515,IL1,5,1,0,1,1,0,1,0,1,1,0
Net_91515,IL10,13,1,0,1,1,1,1,0,0,0,0
Net_91515,IL12,12,1,0,1,1,0,1,0,1,1,0
Net_91515,IL13,3,1,0,1,1,1,1,1,1,1,0
Net_91515,IL15,3,1,0,1,1,0,1,0,1,1,0
Net_91515,IL18,4,1,0,1,1,0,1,0,1,1,0
Net_91515,IL2,2,1,1,1,1,1,1,1,1,1,0
Net_91515,IL21,2,1,1,1,1,1,1,1,1,1,0
Net_91515,IL22,2,1,1,1,1,1,1,1,1,1,0
Net_91515,IL25,2,1,1,1,1,1,1,1,1,1,0
Net_91515,IL27,2,1,1,1,1,1,1,1,1,1,0
Net_91515,IL33,2,1,1,1,1,1,1,1,1,1,0
Net_91515,IL4,5,1,0,1,1,1,1,1,1,1,0
Net_91515,IL5,3,1,0,1,1,1,1,1,1,1,0
Net_91515,IL6,7,1,0,1,1,1,1,1,1,1,0
Net_91515,IL8,4,1,0,1,1,1,1,1,1,1,0
Net_91515,IgA,2,1,1,1,1,1,1,1,1,1,0
Net_91515,IgG,5,1,0,1,1,1,1,1,1,1,0
Net_91515,Merozoites_PF,8,1,0,0,0,0,1,0,1,1,0
Net_91515,NO,6,1,0,1,1,1,1,0,0,0,0
Net_91515,O2,2,1,1,1,1,1,1,0,1,1,0
Net_91515,PV_EBOV,6,1,0,1,0,0,1,0,1,1,0
Net_91515,PV_HIV,10,0,0,1,0,0,0,0,0,0,1
Net_91515,PV_HPV,2,1,0,1,1,0,1,1,1,1,0
Net_91515,PV_IAV,5,1,0,1,0,0,1,0,1,1,0
Net_91515,Param_HealthyState11,2,1,0,1,0,1,1,0,1,1,0
Net_91515,Param_HealthyState3,2,1,1,1,1,1,1,0,1,1,0
Net_91515,Param_HealthyState5,2,1,1,1,1,1,1,0,1,1,0
Net_91515,Param_HealthyState7,2,1,1,1,1,1,1,0,1,1,0
Net_91515,Param_HealthyState9,2,1,1,1,1,1,1,0,1,1,0
Net_91515,ROS,3,1,0,1,1,1,1,1,1,1,0
Net_91515,Rep_Mtb,8,0,0,1,0,0,1,0,0,0,0
Net_91515,TGFB,4,1,0,1,1,1,1,0,1,1,0
Net_91515,TNFa,7,1,0,1,1,0,1,0,1,1,0
Net_91515,Vascular_Leakage_EBOV,8,0,0,1,0,1,1,0,0,0,0
Net_91515,iNOS,2,1,1,1,1,1,1,0,1,1,0
